number_of_nodes: 932
number_of_edges: 944
cascade_size: 931
tree_depth: Graph contains a cycle
in_degree_distribution: [0, 1, 1, 1, 1, 1, 1, 1, 1, 1, 1, 1, 1, 1, 1, 1, 1, 1, 1, 1, 1, 1, 1, 1, 1, 1, 1, 1, 1, 1, 1, 1, 1, 1, 1, 1, 1, 2, 1, 1, 1, 1, 1, 1, 1, 1, 1, 1, 1, 1, 1, 1, 1, 1, 1, 1, 1, 1, 1, 1, 1, 1, 1, 1, 1, 1, 1, 1, 1, 1, 1, 1, 1, 1, 1, 1, 1, 1, 1, 1, 1, 1, 1, 1, 1, 1, 1, 1, 1, 1, 1, 1, 1, 1, 1, 1, 1, 1, 1, 1, 1, 1, 1, 1, 1, 1, 1, 1, 1, 1, 1, 1, 1, 1, 1, 1, 1, 1, 1, 1, 1, 1, 1, 1, 1, 1, 1, 1, 1, 1, 1, 1, 1, 1, 1, 1, 1, 1, 1, 1, 1, 1, 1, 1, 1, 1, 1, 1, 1, 1, 1, 1, 1, 1, 1, 1, 1, 1, 1, 1, 1, 1, 1, 1, 1, 1, 1, 1, 1, 1, 1, 1, 1, 1, 1, 1, 1, 1, 1, 1, 1, 1, 1, 1, 1, 1, 1, 1, 1, 1, 1, 1, 1, 1, 1, 1, 1, 1, 1, 1, 1, 1, 1, 1, 1, 1, 1, 1, 1, 1, 1, 1, 1, 1, 1, 1, 1, 1, 1, 1, 1, 1, 1, 1, 1, 1, 1, 1, 1, 1, 1, 1, 1, 1, 1, 1, 1, 1, 1, 1, 1, 1, 1, 1, 1, 1, 1, 1, 1, 1, 1, 1, 1, 1, 1, 1, 1, 1, 1, 1, 1, 1, 1, 1, 1, 1, 1, 1, 1, 1, 1, 1, 1, 1, 1, 1, 1, 1, 1, 1, 1, 1, 1, 1, 1, 1, 1, 1, 1, 1, 1, 1, 1, 1, 1, 1, 1, 1, 1, 1, 1, 1, 1, 1, 1, 1, 1, 1, 1, 1, 1, 1, 1, 1, 1, 1, 1, 1, 1, 1, 1, 1, 1, 1, 1, 1, 1, 1, 1, 1, 1, 1, 1, 1, 1, 1, 1, 1, 1, 1, 1, 1, 1, 2, 1, 1, 1, 1, 1, 1, 1, 1, 1, 1, 1, 1, 2, 1, 1, 1, 1, 1, 1, 1, 1, 1, 1, 1, 1, 1, 1, 1, 1, 1, 1, 1, 1, 1, 1, 1, 1, 1, 1, 1, 1, 1, 1, 1, 1, 1, 1, 1, 1, 1, 1, 1, 1, 1, 1, 1, 1, 1, 1, 1, 1, 1, 1, 1, 1, 1, 1, 1, 1, 1, 1, 1, 1, 1, 1, 1, 1, 1, 1, 1, 1, 1, 1, 1, 1, 1, 1, 1, 1, 1, 1, 1, 1, 1, 1, 1, 1, 1, 1, 1, 1, 1, 1, 1, 1, 1, 1, 1, 1, 1, 1, 1, 1, 1, 1, 1, 1, 1, 1, 1, 1, 1, 1, 1, 2, 1, 1, 1, 1, 1, 1, 1, 1, 1, 1, 1, 1, 1, 1, 1, 1, 1, 1, 1, 1, 1, 1, 1, 1, 1, 1, 1, 1, 1, 1, 1, 1, 1, 1, 1, 1, 1, 1, 1, 1, 1, 1, 1, 1, 1, 1, 1, 1, 1, 1, 1, 1, 1, 1, 1, 1, 1, 1, 1, 1, 1, 1, 1, 1, 1, 1, 1, 1, 1, 1, 1, 1, 1, 1, 1, 1, 1, 1, 1, 1, 1, 1, 1, 1, 1, 1, 1, 1, 1, 1, 1, 1, 1, 1, 1, 1, 1, 1, 1, 1, 1, 1, 1, 1, 1, 1, 1, 1, 1, 1, 1, 1, 1, 1, 2, 1, 1, 1, 1, 1, 1, 1, 1, 1, 1, 1, 1, 1, 1, 1, 1, 1, 1, 1, 1, 1, 1, 1, 1, 1, 1, 1, 1, 1, 1, 1, 1, 1, 1, 1, 1, 1, 1, 1, 1, 2, 1, 1, 1, 1, 1, 1, 1, 1, 1, 1, 1, 1, 1, 1, 1, 1, 1, 3, 1, 1, 1, 1, 1, 1, 1, 1, 1, 1, 1, 1, 1, 1, 1, 1, 1, 1, 1, 1, 1, 1, 1, 1, 1, 1, 1, 1, 1, 1, 1, 1, 1, 1, 1, 1, 1, 1, 1, 1, 1, 2, 1, 1, 1, 1, 1, 1, 1, 1, 1, 1, 1, 1, 1, 1, 1, 1, 1, 1, 1, 1, 1, 1, 1, 1, 1, 1, 1, 1, 1, 1, 1, 1, 1, 1, 1, 1, 1, 1, 1, 1, 1, 1, 1, 1, 1, 1, 1, 1, 1, 1, 1, 1, 1, 1, 1, 1, 1, 1, 1, 1, 1, 1, 1, 1, 1, 1, 1, 1, 1, 1, 1, 1, 1, 1, 1, 1, 1, 1, 1, 1, 1, 1, 1, 1, 1, 1, 1, 1, 1, 1, 1, 1, 1, 1, 1, 1, 1, 1, 1, 1, 1, 1, 1, 1, 1, 1, 1, 1, 1, 1, 1, 1, 1, 1, 1, 1, 1, 1, 1, 1, 1, 1, 1, 1, 1, 1, 1, 1, 1, 1, 1, 1, 1, 1, 1, 1, 1, 1, 1, 1, 1, 1, 1, 1, 1, 1, 2, 1, 1, 1, 1, 1, 1, 2, 1, 1, 1, 1, 1, 1, 1, 1, 1, 1, 1, 1, 1, 1, 1, 1, 1, 1, 1, 1, 1, 1, 1, 1, 1, 1, 1, 1, 1, 1, 1, 1, 1, 1, 1, 2, 1, 1, 1, 1, 1, 1, 1, 1, 1, 1, 1, 1, 1, 1, 1, 1, 1, 1, 1, 1, 1, 1, 1, 1, 1, 1, 1, 1, 1, 1, 1, 1, 1, 1, 1, 2, 1, 1, 1, 1, 1, 1, 1, 1, 1, 1, 1, 1, 1, 1, 1, 1, 1, 1, 1, 1, 1]
out_degree_distribution: [1, 871, 2, 5, 0, 0, 0, 0, 0, 1, 0, 0, 6, 0, 0, 0, 0, 0, 0, 0, 0, 0, 0, 0, 0, 0, 0, 0, 0, 0, 0, 0, 3, 0, 0, 0, 1, 2, 0, 0, 0, 0, 0, 0, 0, 0, 0, 0, 0, 0, 0, 0, 0, 0, 0, 0, 0, 0, 0, 0, 0, 0, 0, 0, 0, 1, 0, 0, 0, 1, 0, 2, 0, 0, 0, 0, 0, 0, 0, 0, 0, 0, 0, 1, 0, 0, 1, 0, 0, 0, 0, 0, 0, 0, 0, 0, 0, 0, 0, 0, 1, 0, 0, 1, 0, 0, 0, 1, 0, 0, 0, 0, 0, 0, 0, 0, 1, 0, 0, 0, 0, 0, 0, 0, 0, 0, 0, 0, 0, 0, 0, 0, 0, 0, 0, 0, 0, 0, 0, 0, 0, 0, 0, 1, 1, 0, 0, 1, 1, 0, 0, 0, 0, 1, 0, 1, 0, 0, 0, 0, 0, 0, 0, 0, 0, 0, 0, 0, 0, 0, 0, 0, 0, 1, 0, 0, 1, 0, 0, 0, 0, 0, 0, 0, 0, 0, 0, 0, 0, 0, 0, 0, 0, 0, 0, 0, 0, 0, 0, 0, 0, 0, 0, 0, 0, 0, 0, 0, 0, 0, 0, 0, 0, 0, 0, 4, 0, 0, 0, 2, 0, 0, 0, 0, 0, 0, 0, 0, 0, 0, 0, 0, 0, 0, 0, 0, 0, 0, 0, 0, 0, 0, 0, 0, 0, 0, 0, 0, 0, 0, 0, 0, 0, 0, 0, 0, 0, 0, 0, 0, 0, 0, 0, 0, 0, 0, 0, 0, 0, 0, 0, 0, 0, 0, 0, 0, 0, 0, 0, 0, 0, 0, 0, 0, 0, 0, 0, 0, 0, 0, 0, 0, 0, 0, 0, 0, 0, 0, 0, 0, 0, 0, 0, 0, 0, 0, 0, 0, 0, 0, 0, 0, 0, 0, 0, 0, 0, 0, 0, 0, 0, 0, 0, 0, 0, 0, 0, 0, 0, 0, 0, 0, 0, 0, 0, 0, 0, 0, 0, 0, 0, 0, 0, 2, 0, 0, 2, 0, 0, 0, 0, 0, 0, 0, 0, 0, 2, 1, 0, 0, 0, 0, 0, 0, 0, 0, 0, 0, 0, 0, 0, 0, 0, 0, 0, 0, 0, 0, 0, 0, 0, 0, 0, 0, 0, 0, 0, 0, 0, 0, 0, 0, 0, 0, 0, 0, 0, 0, 0, 0, 0, 0, 0, 0, 0, 0, 0, 0, 0, 0, 0, 0, 0, 0, 0, 0, 0, 0, 1, 0, 0, 0, 0, 0, 0, 0, 0, 0, 0, 0, 0, 0, 0, 0, 0, 0, 0, 0, 0, 0, 0, 0, 0, 0, 0, 0, 0, 0, 0, 0, 0, 0, 0, 0, 0, 0, 1, 0, 0, 0, 0, 0, 0, 0, 0, 0, 0, 0, 0, 0, 0, 0, 0, 0, 0, 0, 0, 0, 0, 0, 0, 0, 0, 0, 0, 0, 0, 0, 0, 0, 0, 0, 0, 0, 0, 0, 0, 0, 0, 0, 0, 0, 0, 0, 0, 0, 0, 0, 0, 0, 0, 0, 0, 0, 0, 0, 0, 0, 0, 0, 0, 0, 0, 0, 0, 0, 0, 0, 0, 0, 0, 0, 0, 0, 0, 0, 0, 0, 0, 0, 0, 0, 0, 0, 0, 0, 0, 0, 0, 0, 0, 0, 0, 0, 0, 0, 0, 0, 0, 0, 0, 0, 0, 0, 0, 0, 0, 0, 0, 0, 0, 0, 0, 0, 0, 0, 0, 0, 0, 0, 0, 0, 0, 0, 0, 0, 0, 0, 0, 0, 0, 0, 0, 0, 0, 0, 0, 0, 0, 0, 0, 0, 0, 0, 0, 0, 0, 0, 0, 0, 0, 0, 0, 0, 0, 0, 0, 0, 0, 2, 0, 0, 0, 0, 1, 0, 0, 0, 0, 0, 0, 0, 0, 0, 0, 0, 0, 0, 0, 0, 0, 0, 0, 0, 0, 0, 0, 0, 0, 0, 1, 0, 0, 0, 0, 0, 0, 0, 0, 0, 0, 0, 0, 0, 0, 0, 0, 0, 0, 0, 0, 0, 0, 0, 0, 0, 0, 0, 0, 0, 0, 0, 0, 0, 0, 0, 0, 1, 0, 0, 0, 0, 0, 0, 0, 0, 0, 0, 0, 0, 0, 0, 0, 0, 0, 0, 0, 0, 0, 0, 0, 0, 0, 0, 0, 0, 0, 0, 0, 0, 0, 0, 0, 0, 0, 0, 0, 0, 0, 0, 0, 0, 0, 0, 0, 0, 0, 0, 0, 0, 0, 0, 0, 0, 0, 0, 0, 0, 0, 0, 0, 0, 0, 2, 0, 0, 0, 0, 0, 0, 0, 0, 0, 0, 0, 0, 1, 0, 0, 0, 0, 0, 0, 0, 0, 0, 0, 0, 0, 0, 0, 0, 0, 0, 0, 0, 0, 0, 0, 0, 0, 0, 0, 1, 0, 0, 0, 0, 0, 0, 0, 0, 0, 0, 0, 0, 0, 0, 0, 1, 0, 0, 0, 0, 0, 0, 0, 0, 0, 0, 2, 0, 0, 0, 0, 0, 0, 0, 0, 0, 0, 0, 0, 0, 0, 0, 0, 0, 0, 0, 0, 0, 0, 0, 0, 0, 0, 0, 0, 0, 0, 0, 0, 0, 0, 0, 0, 1, 0, 0, 0, 0, 0, 0, 0, 0, 0, 0, 0, 0, 0, 0, 0, 0, 1, 0, 0, 0, 0, 0, 1, 0, 0, 0, 0, 0, 0, 0, 0, 0, 0, 0, 0, 0, 0, 0, 0, 0, 0, 0, 0, 0, 0, 0, 0, 0, 1, 0, 0, 0, 2, 0, 0, 0, 0, 1, 0, 0, 0, 0, 0, 0, 0, 0, 0, 0, 0, 0, 0, 0, 0, 0]
propagation_delay_min: 0.0
propagation_delay_mean: 402.27123940677967
propagation_delay_max: 21910.38
reaction_time_min: 0.0
reaction_time_mean: 402.27123940677967
reaction_time_max: 21910.38
betweenness_centrality: {'ROOT': 0.0, '428333': 0.0010741138560687433, '105503711': 4.619844542231154e-06, '95300044': 1.3859533626693462e-05, '9704882': 0.0, '17885604': 0.0, '2493140377': 0.0, '37321285': 0.0, '497144547': 0.0, '21120011': 2.309922271115577e-06, '154347403': 0.0, '540070949': 0.0, '3498448812': 2.0789300440040193e-05, '51923461': 0.0, '764190205133717504': 0.0, '262321852': 0.0, '25147941': 0.0, '1656841027': 0.0, '3110801057': 0.0, '1370913193': 0.0, '3913623733': 0.0, '365071089': 0.0, '345486789': 0.0, '1367203292': 0.0, '180622629': 0.0, '89802564': 0.0, '894271968': 0.0, '612222390': 0.0, '4600681035': 0.0, '790018208': 0.0, '739439582215831553': 0.0, '3152037162': 0.0, '366001649': 2.309922271115577e-06, '48699550': 0.0, '420067396': 0.0, '3688882876': 0.0, '52910879': 2.309922271115577e-06, '51243568': 5.774805677788942e-06, '23402452': 0.0, '4912406354': 0.0, '45169003': 0.0, '473443649': 0.0, '73945682': 0.0, '2301712239': 0.0, '68801460': 0.0, '3120229767': 0.0, '2496501072': 0.0, '154573594': 0.0, '215395724': 0.0, '19075268': 0.0, '415532798': 0.0, '2788522531': 0.0, '14901411': 0.0, '140273645': 0.0, '317591010': 0.0, '1587345204': 0.0, '252145508': 0.0, '28815213': 0.0, '728907516298530816': 0.0, '2985929169': 0.0, '1263324709': 0.0, '27961012': 0.0, '47975029': 0.0, '2261717356': 0.0, '84106316': 0.0, '3291836573': 2.309922271115577e-06, '3027925330': 0.0, '25401858': 0.0, '291161486': 0.0, '79769567': 2.309922271115577e-06, '375680866': 0.0, '630740004': 1.0394650220020097e-05, '36070075': 0.0, '20625261': 0.0, '3164636421': 0.0, '62275388': 0.0, '3296808694': 0.0, '834672494': 0.0, '41643296': 0.0, '2238487994': 0.0, '313567800': 0.0, '7477752': 0.0, '552803248': 0.0, '56431295': 2.309922271115577e-06, '104356675': 0.0, '245142108': 0.0, '69452072': 0.0, '555525022': 0.0, '27572528': 0.0, '23364353': 0.0, '2400842142': 0.0, '742905773718528000': 0.0, '2911584743': 0.0, '3254591175': 0.0, '24329569': 0.0, '4714477637': 0.0, '338005074': 0.0, '123726091': 0.0, '705181158611492864': 0.0, '83418080': 0.0, '126608641': 2.309922271115577e-06, '109342397': 0.0, '3214723769': 0.0, '2376768615': 2.309922271115577e-06, '552836082': 0.0, '3266521656': 0.0, '2936199501': 0.0, '58284094': 4.619844542231154e-06, '358034509': 0.0, '762298196865519616': 0.0, '765295130517630976': 0.0, '346423848': 0.0, '54516370': 0.0, '42845745': 0.0, '199426090': 0.0, '305740305': 0.0, '58968976': 3.4648834066733656e-06, '56496953': 0.0, '22855067': 0.0, '21457771': 0.0, '3135970562': 0.0, '3005214872': 0.0, '20534171': 0.0, '2614608612': 0.0, '24131958': 0.0, '210577174': 0.0, '289789099': 0.0, '2243347243': 0.0, '63122679': 0.0, '630513816': 0.0, '27766120': 0.0, '22116472': 0.0, '19627637': 0.0, '471496647': 0.0, '203351631': 0.0, '444136967': 0.0, '2867719923': 0.0, '628216927': 0.0, '2750304797': 0.0, '112707684': 0.0, '609667530': 0.0, '362895183': 0.0, '373803115': 0.0, '44481745': 2.309922271115577e-06, '198185729': 3.4648834066733656e-06, '229918207': 0.0, '496429994': 0.0, '34993057': 2.309922271115577e-06, '39638640': 2.309922271115577e-06, '7438792': 0.0, '1706152290': 0.0, '478726880': 0.0, '36928095': 0.0, '165162610': 2.309922271115577e-06, '53936897': 0.0, '2457305683': 2.309922271115577e-06, '423596287': 0.0, '1276145304': 0.0, '28701053': 0.0, '46043072': 0.0, '500835637': 0.0, '2889399990': 0.0, '730167699591041024': 0.0, '24257744': 0.0, '253873434': 0.0, '47046666': 0.0, '4082314233': 0.0, '2439825890': 0.0, '314749890': 0.0, '497119969': 0.0, '385972016': 0.0, '898730449': 0.0, '43001031': 0.0, '259283033': 2.309922271115577e-06, '18546420': 0.0, '37123010': 0.0, '194607562': 2.309922271115577e-06, '716706141': 0.0, '15803316': 0.0, '183574114': 0.0, '33128999': 0.0, '729745131918626817': 0.0, '118337595': 0.0, '737780942': 0.0, '29824430': 0.0, '3027478158': 0.0, '4126703173': 0.0, '50686884': 0.0, '1048294088': 0.0, '2302259172': 0.0, '309088181': 0.0, '383298922': 0.0, '2783352128': 0.0, '33227343': 0.0, '29440304': 0.0, '165724865': 0.0, '104865001': 0.0, '329018834': 0.0, '2228981600': 0.0, '465114198': 0.0, '388039301': 0.0, '243540386': 0.0, '14880421': 0.0, '15200682': 0.0, '84089681': 0.0, '2798701': 0.0, '58230024': 0.0, '610898446': 0.0, '276018842': 0.0, '805636620': 0.0, '3144470613': 0.0, '41279014': 0.0, '96269526': 0.0, '1350739266': 0.0, '3939770426': 0.0, '187080477': 4.619844542231154e-06, '450345425': 0.0, '215705245': 0.0, '3225685626': 0.0, '15219770': 4.619844542231154e-06, '15227081': 0.0, '1665824034': 0.0, '101324849': 0.0, '4026980964': 0.0, '34464157': 0.0, '744938925895016449': 0.0, '201458012': 0.0, '2172753872': 0.0, '259873561': 0.0, '730879304821817344': 0.0, '166860265': 0.0, '69042496': 0.0, '25172750': 0.0, '292161660': 0.0, '18100074': 0.0, '3433996924': 0.0, '36839259': 0.0, '1199035291': 0.0, '25259710': 0.0, '49275726': 0.0, '1631453557': 0.0, '704811556308017152': 0.0, '746800573': 0.0, '911690534': 0.0, '793665944': 0.0, '2590870828': 0.0, '245615319': 0.0, '23082393': 0.0, '350669765': 0.0, '30823273': 0.0, '2779112099': 0.0, '720785932832649218': 0.0, '287183523': 0.0, '765069225442541568': 0.0, '39138201': 0.0, '22795268': 0.0, '268439470': 0.0, '64258957': 0.0, '2959489389': 0.0, '762243004384047104': 0.0, '34338622': 0.0, '228033113': 0.0, '492665799': 0.0, '21509762': 0.0, '761398751021924352': 0.0, '48274776': 0.0, '1414077667': 0.0, '33666228': 0.0, '252391221': 0.0, '2782540259': 0.0, '4100849721': 0.0, '2246531964': 0.0, '1115458993': 0.0, '3836805193': 0.0, '730752506867912705': 0.0, '188347047': 0.0, '4876893085': 0.0, '234896729': 0.0, '359710056': 0.0, '380014161': 0.0, '172599189': 0.0, '399431232': 0.0, '216777492': 0.0, '1564852549': 0.0, '758645941427511297': 0.0, '164411930': 0.0, '3020824869': 0.0, '28695188': 0.0, '694297106601873410': 0.0, '737483604876464130': 0.0, '33793774': 0.0, '2536526715': 0.0, '630481835': 0.0, '2950680315': 0.0, '748008031233916931': 0.0, '1917156006': 0.0, '101846740': 0.0, '24716706': 0.0, '2727525060': 0.0, '1512142910': 0.0, '298725168': 0.0, '962822958': 0.0, '208106589': 0.0, '2228123932': 0.0, '460801681': 0.0, '357321906': 0.0, '393300783': 0.0, '3941097740': 0.0, '23192835': 0.0, '747972582': 0.0, '1025081365': 0.0, '1252466058': 0.0, '41831193': 0.0, '483529574': 0.0, '79563407': 0.0, '2564198618': 0.0, '1090771080': 0.0, '375458732': 0.0, '301067984': 0.0, '2764465137': 0.0, '47819650': 0.0, '3325145372': 0.0, '3111604704': 0.0, '21876643': 0.0, '69049694': 0.0, '856894412': 0.0, '25097371': 0.0, '214030914': 0.0, '367231310': 0.0, '33638778': 0.0, '17604214': 0.0, '27270317': 0.0, '234809348': 0.0, '165419230': 0.0, '180944545': 0.0, '1575921265': 0.0, '23153001': 0.0, '114802995': 0.0, '18813073': 0.0, '150409424': 0.0, '3238027340': 0.0, '24577700': 0.0, '4885097979': 0.0, '4847603608': 5.774805677788942e-06, '200949516': 0.0, '1950319591': 0.0, '285634142': 3.4648834066733656e-06, '4831602981': 0.0, '273746608': 0.0, '119696912': 0.0, '311294335': 0.0, '3870513133': 0.0, '70735403': 0.0, '595850898': 0.0, '354332091': 0.0, '415287054': 0.0, '1531911318': 6.929766813346731e-06, '281387770': 2.309922271115577e-06, '305765429': 0.0, '149603376': 0.0, '760970180566581248': 0.0, '48313573': 0.0, '27078015': 0.0, '1145310956': 0.0, '880365522': 0.0, '764106520036511744': 0.0, '3258792627': 0.0, '1383905040': 0.0, '538605780': 0.0, '425585795': 0.0, '86886461': 0.0, '145465516': 0.0, '26067145': 0.0, '334820812': 0.0, '600368572': 0.0, '63516513': 0.0, '551221471': 0.0, '36656166': 0.0, '1625734039': 0.0, '734866424536150016': 0.0, '251781777': 0.0, '1101930637': 0.0, '54027200': 0.0, '3067430400': 0.0, '3046713973': 0.0, '16087284': 0.0, '540430355': 0.0, '27099985': 0.0, '22068068': 0.0, '18279799': 0.0, '714233231441326080': 0.0, '277334036': 0.0, '22856846': 0.0, '2913727941': 0.0, '304723834': 0.0, '3506866154': 0.0, '164012840': 0.0, '745537549267918848': 0.0, '242204358': 0.0, '860760752': 0.0, '47403889': 0.0, '221897691': 0.0, '2874076005': 0.0, '564215662': 0.0, '39601416': 0.0, '2375641625': 0.0, '2279357845': 0.0, '49202953': 0.0, '1183013437': 0.0, '38492717': 0.0, '3980372681': 0.0, '124945179': 0.0, '2331255919': 0.0, '306885912': 0.0, '626665736': 0.0, '3102395316': 0.0, '1011686834': 0.0, '2774818843': 0.0, '748623607991963648': 2.309922271115577e-06, '613111352': 0.0, '1418483143': 0.0, '140816455': 0.0, '25455218': 0.0, '277131235': 0.0, '587420794': 0.0, '173572430': 0.0, '2646497580': 0.0, '43391011': 0.0, '193009589': 0.0, '854211228': 0.0, '200998657': 0.0, '3027935055': 0.0, '48777326': 0.0, '52907223': 0.0, '265082555': 0.0, '316891390': 0.0, '236237883': 0.0, '130830607': 0.0, '227130823': 0.0, '390444383': 0.0, '24689973': 0.0, '396196960': 0.0, '579354571': 0.0, '46145841': 0.0, '3264950736': 0.0, '249673172': 0.0, '2395130319': 0.0, '2892376188': 0.0, '3087117959': 0.0, '2461730594': 0.0, '319218597': 0.0, '2654725405': 0.0, '753294857314168832': 0.0, '577172219': 0.0, '3897189438': 0.0, '60872773': 0.0, '516244647': 4.619844542231154e-06, '410168307': 0.0, '4901493624': 0.0, '512518116': 0.0, '2861795873': 0.0, '370933692': 0.0, '928920097': 0.0, '4580210788': 0.0, '2876474915': 0.0, '630452352': 0.0, '2329104925': 0.0, '275942684': 0.0, '283692517': 0.0, '324537648': 0.0, '253770243': 0.0, '759704808139862017': 0.0, '2951604833': 0.0, '762435337': 0.0, '3019310357': 0.0, '159505762': 0.0, '761328485222658048': 0.0, '4842964943': 0.0, '583526883': 0.0, '4196477727': 0.0, '139916393': 0.0, '2200630458': 0.0, '276324873': 0.0, '2539016140': 0.0, '37280929': 0.0, '592992151': 0.0, '808596350': 0.0, '137349561': 0.0, '1594246428': 0.0, '1458585404': 0.0, '324199457': 0.0, '59054206': 0.0, '29794588': 0.0, '762070862740787200': 0.0, '2631476367': 0.0, '597644881': 0.0, '3410542574': 0.0, '3699375376': 0.0, '753057780383166464': 0.0, '25200465': 0.0, '762194404241092608': 0.0, '420693297': 0.0, '2481726390': 0.0, '3035029614': 0.0, '3038474730': 0.0, '706989332033183744': 0.0, '2817875829': 0.0, '217392151': 0.0, '14120047': 0.0, '718637930': 0.0, '25341986': 0.0, '398043582': 0.0, '1708371240': 0.0, '2327715120': 0.0, '2493377233': 0.0, '3065756021': 0.0, '765966567154810880': 0.0, '2277828409': 0.0, '257805665': 0.0, '346806893': 0.0, '1449445958': 0.0, '4725478338': 0.0, '405426534': 0.0, '747836548029255685': 0.0, '109360492': 0.0, '180317088': 0.0, '2212926706': 0.0, '141235575': 0.0, '1458830137': 0.0, '719532278016122880': 0.0, '67074262': 0.0, '4885465670': 0.0, '757957406911504384': 0.0, '36082165': 0.0, '279974339': 0.0, '309003982': 0.0, '791781416': 0.0, '574162301': 0.0, '440719048': 0.0, '465916775': 0.0, '41991593': 0.0, '1663551410': 0.0, '2562970287': 0.0, '286848227': 0.0, '49047411': 0.0, '546078271': 0.0, '472396868': 0.0, '765575891279867904': 0.0, '715385496692654080': 0.0, '338160729': 0.0, '3109004322': 0.0, '718811790897848320': 0.0, '3124308322': 0.0, '393167956': 0.0, '58633496': 0.0, '434228592': 0.0, '255324122': 0.0, '44693081': 0.0, '199175197': 0.0, '114956985': 0.0, '1544502828': 0.0, '48121579': 0.0, '2690280973': 0.0, '34957708': 0.0, '402316003': 0.0, '152218829': 0.0, '451585458': 0.0, '306753938': 0.0, '185049084': 0.0, '2321340169': 0.0, '2166481523': 0.0, '747113396550656000': 0.0, '219815857': 0.0, '2784788960': 0.0, '30242864': 0.0, '711473434044309504': 0.0, '15562397': 0.0, '760324504509743104': 0.0, '36856345': 0.0, '2199866300': 0.0, '95401896': 0.0, '3624331162': 0.0, '3998659279': 0.0, '4561810538': 0.0, '2939999565': 0.0, '1972461582': 0.0, '2332784954': 0.0, '1210049414': 0.0, '90948450': 0.0, '759480096805847040': 0.0, '2403016908': 0.0, '889453591': 0.0, '704696943771975681': 0.0, '23932310': 0.0, '55181119': 0.0, '2583249882': 0.0, '732355501489573888': 0.0, '764206256454242304': 0.0, '24655672': 0.0, '3998186849': 0.0, '746729229799333888': 0.0, '3320765382': 0.0, '765540918233559040': 0.0, '86968012': 0.0, '315161628': 0.0, '403075430': 0.0, '3289267863': 0.0, '33597772': 0.0, '1315402477': 0.0, '714121052': 0.0, '625973534': 0.0, '763244756830781440': 0.0, '362626833': 0.0, '3302725796': 0.0, '440556367': 0.0, '59666477': 0.0, '4825195174': 0.0, '2601272874': 0.0, '231512100': 0.0, '123669368': 2.309922271115577e-06, '214018519': 0.0, '2900139381': 0.0, '132201018': 0.0, '593228402': 0.0, '760121158792601600': 0.0, '797116770': 0.0, '4019444653': 0.0, '626071785': 0.0, '3352616409': 0.0, '331160995': 0.0, '3253378591': 0.0, '53877487': 0.0, '948708523': 0.0, '840863606': 0.0, '32904760': 0.0, '2727689348': 0.0, '610520122': 0.0, '1157233092': 0.0, '1031603456': 0.0, '2936391702': 0.0, '763670212738703360': 0.0, '886854656': 0.0, '410300789': 0.0, '3331611922': 0.0, '2979075377': 0.0, '24223299': 0.0, '766045492421812224': 0.0, '2720056330': 0.0, '363973279': 0.0, '264127449': 0.0, '380023826': 2.309922271115577e-06, '353786663': 0.0, '765961030468001792': 0.0, '1176628759': 0.0, '433761207': 0.0, '211000050': 0.0, '2865068860': 0.0, '872448560': 0.0, '561778465': 0.0, '3578172974': 0.0, '274260142': 0.0, '3378066273': 0.0, '1063902367': 0.0, '4768866435': 0.0, '134628319': 0.0, '2838797193': 0.0, '764693192419581952': 0.0, '1950631472': 0.0, '765162307580076036': 0.0, '710195576063660033': 0.0, '24518974': 0.0, '19212277': 0.0, '177966427': 0.0, '586126980': 0.0, '169677903': 0.0, '749510483326087169': 0.0, '740737945619947521': 0.0, '1588390904': 0.0, '212573765': 0.0, '141605349': 0.0, '2163747939': 0.0, '2497057784': 0.0, '29584703': 0.0, '260066978': 0.0, '249694665': 0.0, '1595735257': 0.0, '2691470850': 0.0, '2483407210': 2.309922271115577e-06, '498222977': 0.0, '25611923': 0.0, '2866720438': 0.0, '152874374': 0.0, '760687725448138755': 0.0, '3041906216': 0.0, '155643834': 0.0, '61973882': 0.0, '2191004545': 0.0, '2836703228': 0.0, '3132934262': 0.0, '883645538': 0.0, '3310166812': 0.0, '726624503409840129': 0.0, '202032733': 0.0, '545198819': 0.0, '23612867': 0.0, '2728543138': 0.0, '296692394': 0.0, '1886932526': 0.0, '57504245': 0.0, '2330237339': 0.0, '2883433262': 0.0, '2541601243': 0.0, '2413643408': 0.0, '226049905': 0.0, '2575623576': 0.0, '103494007': 0.0, '747718483098636290': 0.0, '766094030400806912': 0.0, '2179043735': 0.0, '1942020632': 0.0, '20678014': 0.0, '150781749': 0.0, '457103365': 0.0, '1486250161': 0.0, '2547003594': 0.0, '219501864': 0.0, '1332655112': 0.0, '519269027': 0.0, '343953111': 0.0, '27313807': 0.0, '2192426591': 0.0, '184237796': 0.0, '590202474': 0.0, '23356919': 0.0, '551131604': 0.0, '765204474369601538': 0.0, '2281746967': 0.0, '2718117926': 0.0, '31152719': 0.0, '794959129': 0.0, '757638777250590721': 0.0, '3248869453': 0.0, '372022122': 0.0, '2163785162': 0.0, '280357971': 0.0, '779531322': 0.0, '714251785183977472': 0.0, '3320137901': 0.0, '43938031': 0.0, '573971817': 0.0, '465745822': 0.0, '65815959': 0.0, '713262581': 0.0, '3294730456': 4.619844542231154e-06, '58639268': 0.0, '1555963590': 0.0, '3087561400': 0.0, '1022847523': 0.0, '2830182411': 0.0, '598684128': 0.0, '187713541': 0.0, '286582365': 0.0, '25060935': 0.0, '14768515': 0.0, '366190447': 0.0, '166398734': 0.0, '22578352': 2.309922271115577e-06, '760363539039080448': 0.0, '32921721': 0.0, '239390367': 0.0, '261736294': 0.0, '3384354905': 0.0, '2623168708': 0.0, '2770077240': 0.0, '3124795543': 0.0, '165188993': 0.0, '459048963': 0.0, '48587168': 0.0, '712631209': 0.0, '563048501': 0.0, '2413240214': 0.0, '2751750676': 0.0, '96416718': 0.0, '22430456': 0.0, '752981544466259968': 0.0, '1898700991': 0.0, '75834104': 0.0, '24565462': 0.0, '2355250060': 0.0, '342718134': 0.0, '751039021292347392': 0.0, '557847314': 0.0, '393572673': 0.0, '90196774': 2.309922271115577e-06, '147393792': 0.0, '20412396': 0.0, '399058059': 0.0, '758240610': 0.0, '2271786792': 0.0, '2317538628': 0.0, '23151004': 0.0, '1123611962': 0.0, '18628068': 0.0, '471733633': 0.0, '1899105948': 0.0, '2276867250': 0.0, '32857818': 0.0, '53793926': 0.0, '2935953724': 0.0, '41213997': 2.309922271115577e-06, '2414457033': 0.0, '78068229': 0.0, '4656656952': 0.0, '615030318': 0.0, '490414564': 0.0, '879229100': 0.0, '212592916': 0.0, '332578445': 0.0, '743574240': 0.0, '35888062': 0.0, '124236909': 4.619844542231154e-06, '99758376': 0.0, '756265357719904256': 0.0, '244108357': 0.0, '26465563': 0.0, '469887806': 0.0, '1509613465': 0.0, '2952713022': 0.0, '549718970': 0.0, '720295532': 0.0, '3197304372': 0.0, '1288237230': 0.0, '740384968090615808': 0.0, '347960619': 0.0, '2588731962': 0.0, '2156045139': 0.0, '2370045512': 0.0, '737782453': 0.0, '23531111': 0.0, '538704631': 0.0, '34561510': 0.0, '754791686887399424': 0.0, '50193500': 0.0, '766163476465250305': 0.0, '2764960090': 0.0, '20498557': 0.0, '331355788': 0.0, '1025389002': 0.0, '333918579': 0.0, '732160349798051841': 0.0, '2590648994': 0.0, '1728147644': 0.0, '1881434311': 0.0, '29614569': 0.0, '580882575': 0.0, '3312154476': 0.0, '27178779': 0.0, '725197447': 2.309922271115577e-06, '58923442': 0.0, '4664205187': 0.0, '59749017': 0.0, '334949677': 0.0, '34697179': 0.0, '2280063978': 0.0, '729675900703248385': 0.0, '179588464': 0.0, '4732162632': 0.0, '3264626078': 0.0, '2381080831': 0.0, '3091885010': 0.0, '294257285': 0.0, '3308665004': 0.0, '20810817': 0.0, '3013830918': 0.0, '260736485': 2.309922271115577e-06, '2697240902': 0.0, '2181829010': 0.0, '1228168650': 0.0, '101672591': 0.0, '13719852': 0.0, '326427068': 0.0, '3129697590': 0.0, '1562296668': 0.0, '4289108602': 0.0, '2228171385': 0.0, '3413878965': 0.0, '26552873': 0.0, '521776435': 0.0, '403796412': 0.0, '1033429483': 0.0, '716778061933314051': 0.0, '72041808': 0.0, '3094357496': 0.0, '2883500596': 0.0, '733110148823023616': 0.0, '4164058336': 0.0, '595318722': 0.0, '4790364673': 0.0, '37919376': 0.0, '2670261554': 0.0, '3216705094': 0.0, '2362856150': 0.0, '700457544817336320': 0.0, '3941920097': 0.0, '1170586009': 0.0, '19673936': 0.0, '14577821': 2.309922271115577e-06, '604730863': 0.0, '163992822': 0.0, '20853498': 0.0, '2533683068': 6.929766813346731e-06, '3374739441': 0.0, '710247867600887808': 0.0, '4722313218': 0.0, '457230627': 0.0, '301588004': 3.4648834066733656e-06, '362396852': 0.0, '82245243': 0.0, '1308086382': 0.0, '2669315532': 0.0, '491871274': 0.0, '44693993': 0.0, '61901605': 0.0, '474542563': 0.0, '763573247766065152': 0.0, '3599056099': 0.0, '968498756': 0.0, '186700511': 0.0, '423073875': 0.0, '4855776365': 0.0, '515080330': 0.0, '709511406622797828': 0.0}
closeness_centrality: {'ROOT': 0.0, '428333': 0.0010741138560687433, '105503711': 0.0014321518080916576, '95300044': 0.0014321518080916576, '9704882': 0.0014321518080916576, '17885604': 0.0014321518080916576, '2493140377': 0.0014321518080916576, '37321285': 0.0014321518080916576, '497144547': 0.0014321518080916576, '21120011': 0.0014321518080916576, '154347403': 0.0014321518080916576, '540070949': 0.0014321518080916576, '3498448812': 0.0014321518080916576, '51923461': 0.0014321518080916576, '764190205133717504': 0.0014321518080916576, '262321852': 0.0014321518080916576, '25147941': 0.0014321518080916576, '1656841027': 0.0014321518080916576, '3110801057': 0.0014321518080916576, '1370913193': 0.0014321518080916576, '3913623733': 0.0014321518080916576, '365071089': 0.0014321518080916576, '345486789': 0.0014321518080916576, '1367203292': 0.0014321518080916576, '180622629': 0.0014321518080916576, '89802564': 0.0014321518080916576, '894271968': 0.0014321518080916576, '612222390': 0.0014321518080916576, '4600681035': 0.0014321518080916576, '790018208': 0.0014321518080916576, '739439582215831553': 0.0014321518080916576, '3152037162': 0.0014321518080916576, '366001649': 0.0014321518080916576, '48699550': 0.0014321518080916576, '420067396': 0.0014321518080916576, '3688882876': 0.0014321518080916576, '52910879': 0.0014321518080916576, '51243568': 0.0024167561761546724, '23402452': 0.0014321518080916576, '4912406354': 0.001611170784103115, '45169003': 0.0014321518080916576, '473443649': 0.0014321518080916576, '73945682': 0.0014321518080916576, '2301712239': 0.0014321518080916576, '68801460': 0.0014321518080916576, '3120229767': 0.0014321518080916576, '2496501072': 0.0014321518080916576, '154573594': 0.0014321518080916576, '215395724': 0.0014321518080916576, '19075268': 0.0014321518080916576, '415532798': 0.0014321518080916576, '2788522531': 0.0014321518080916576, '14901411': 0.0014321518080916576, '140273645': 0.0014321518080916576, '317591010': 0.0014321518080916576, '1587345204': 0.0014321518080916576, '252145508': 0.0014321518080916576, '28815213': 0.0014321518080916576, '728907516298530816': 0.0014321518080916576, '2985929169': 0.0014321518080916576, '1263324709': 0.0014321518080916576, '27961012': 0.001611170784103115, '47975029': 0.0014321518080916576, '2261717356': 0.0014321518080916576, '84106316': 0.0014321518080916576, '3291836573': 0.0014321518080916576, '3027925330': 0.0014321518080916576, '25401858': 0.0014321518080916576, '291161486': 0.0014321518080916576, '79769567': 0.0014321518080916576, '375680866': 0.0014321518080916576, '630740004': 0.001611170784103115, '36070075': 0.0014321518080916576, '20625261': 0.0014321518080916576, '3164636421': 0.0014321518080916576, '62275388': 0.0014321518080916576, '3296808694': 0.0014321518080916576, '834672494': 0.0014321518080916576, '41643296': 0.0014321518080916576, '2238487994': 0.0014321518080916576, '313567800': 0.0014321518080916576, '7477752': 0.0014321518080916576, '552803248': 0.0014321518080916576, '56431295': 0.0014321518080916576, '104356675': 0.0014321518080916576, '245142108': 0.0014321518080916576, '69452072': 0.001611170784103115, '555525022': 0.0014321518080916576, '27572528': 0.0014321518080916576, '23364353': 0.0014321518080916576, '2400842142': 0.0014321518080916576, '742905773718528000': 0.0014321518080916576, '2911584743': 0.0014321518080916576, '3254591175': 0.0014321518080916576, '24329569': 0.0014321518080916576, '4714477637': 0.0014321518080916576, '338005074': 0.001611170784103115, '123726091': 0.0014321518080916576, '705181158611492864': 0.0014321518080916576, '83418080': 0.0014321518080916576, '126608641': 0.0014321518080916576, '109342397': 0.0014321518080916576, '3214723769': 0.0014321518080916576, '2376768615': 0.0014321518080916576, '552836082': 0.0014321518080916576, '3266521656': 0.0014321518080916576, '2936199501': 0.0014321518080916576, '58284094': 0.0014321518080916576, '358034509': 0.0014321518080916576, '762298196865519616': 0.0014321518080916576, '765295130517630976': 0.0014321518080916576, '346423848': 0.0014321518080916576, '54516370': 0.0014321518080916576, '42845745': 0.0014321518080916576, '199426090': 0.0014321518080916576, '305740305': 0.0014321518080916576, '58968976': 0.001611170784103115, '56496953': 0.0014321518080916576, '22855067': 0.0014321518080916576, '21457771': 0.0014321518080916576, '3135970562': 0.0014321518080916576, '3005214872': 0.0014321518080916576, '20534171': 0.0014321518080916576, '2614608612': 0.0014321518080916576, '24131958': 0.0014321518080916576, '210577174': 0.0014321518080916576, '289789099': 0.0014321518080916576, '2243347243': 0.0014321518080916576, '63122679': 0.0014321518080916576, '630513816': 0.0014321518080916576, '27766120': 0.0017185821697099893, '22116472': 0.0014321518080916576, '19627637': 0.0014321518080916576, '471496647': 0.0014321518080916576, '203351631': 0.0014321518080916576, '444136967': 0.0014321518080916576, '2867719923': 0.0014321518080916576, '628216927': 0.0014321518080916576, '2750304797': 0.0014321518080916576, '112707684': 0.0014321518080916576, '609667530': 0.0014321518080916576, '362895183': 0.0014321518080916576, '373803115': 0.0014321518080916576, '44481745': 0.0014321518080916576, '198185729': 0.001611170784103115, '229918207': 0.0014321518080916576, '496429994': 0.0014321518080916576, '34993057': 0.0014321518080916576, '39638640': 0.0014321518080916576, '7438792': 0.0014321518080916576, '1706152290': 0.0014321518080916576, '478726880': 0.0014321518080916576, '36928095': 0.0014321518080916576, '165162610': 0.0014321518080916576, '53936897': 0.0014321518080916576, '2457305683': 0.0014321518080916576, '423596287': 0.001611170784103115, '1276145304': 0.001611170784103115, '28701053': 0.0014321518080916576, '46043072': 0.0014321518080916576, '500835637': 0.0017185821697099893, '2889399990': 0.0014321518080916576, '730167699591041024': 0.0014321518080916576, '24257744': 0.0014321518080916576, '253873434': 0.0014321518080916576, '47046666': 0.0014321518080916576, '4082314233': 0.0014321518080916576, '2439825890': 0.0014321518080916576, '314749890': 0.0014321518080916576, '497119969': 0.0014321518080916576, '385972016': 0.0014321518080916576, '898730449': 0.0014321518080916576, '43001031': 0.001611170784103115, '259283033': 0.0014321518080916576, '18546420': 0.0014321518080916576, '37123010': 0.0014321518080916576, '194607562': 0.0014321518080916576, '716706141': 0.0014321518080916576, '15803316': 0.0014321518080916576, '183574114': 0.0014321518080916576, '33128999': 0.0014321518080916576, '729745131918626817': 0.0014321518080916576, '118337595': 0.0014321518080916576, '737780942': 0.0014321518080916576, '29824430': 0.0014321518080916576, '3027478158': 0.0017185821697099893, '4126703173': 0.0014321518080916576, '50686884': 0.0014321518080916576, '1048294088': 0.0014321518080916576, '2302259172': 0.0014321518080916576, '309088181': 0.0014321518080916576, '383298922': 0.0014321518080916576, '2783352128': 0.0014321518080916576, '33227343': 0.0014321518080916576, '29440304': 0.0014321518080916576, '165724865': 0.001611170784103115, '104865001': 0.0014321518080916576, '329018834': 0.0014321518080916576, '2228981600': 0.0014321518080916576, '465114198': 0.0014321518080916576, '388039301': 0.001611170784103115, '243540386': 0.0014321518080916576, '14880421': 0.0014321518080916576, '15200682': 0.0014321518080916576, '84089681': 0.0014321518080916576, '2798701': 0.0014321518080916576, '58230024': 0.0014321518080916576, '610898446': 0.0014321518080916576, '276018842': 0.0014321518080916576, '805636620': 0.0014321518080916576, '3144470613': 0.0014321518080916576, '41279014': 0.0014321518080916576, '96269526': 0.0014321518080916576, '1350739266': 0.001611170784103115, '3939770426': 0.0014321518080916576, '187080477': 0.0014321518080916576, '450345425': 0.0014321518080916576, '215705245': 0.0014321518080916576, '3225685626': 0.0014321518080916576, '15219770': 0.0014321518080916576, '15227081': 0.0014321518080916576, '1665824034': 0.0014321518080916576, '101324849': 0.0014321518080916576, '4026980964': 0.0014321518080916576, '34464157': 0.0014321518080916576, '744938925895016449': 0.0014321518080916576, '201458012': 0.0014321518080916576, '2172753872': 0.0014321518080916576, '259873561': 0.0014321518080916576, '730879304821817344': 0.0014321518080916576, '166860265': 0.0014321518080916576, '69042496': 0.0014321518080916576, '25172750': 0.0014321518080916576, '292161660': 0.0014321518080916576, '18100074': 0.0014321518080916576, '3433996924': 0.001611170784103115, '36839259': 0.0014321518080916576, '1199035291': 0.0014321518080916576, '25259710': 0.0014321518080916576, '49275726': 0.001611170784103115, '1631453557': 0.0014321518080916576, '704811556308017152': 0.0014321518080916576, '746800573': 0.0014321518080916576, '911690534': 0.0014321518080916576, '793665944': 0.0014321518080916576, '2590870828': 0.0014321518080916576, '245615319': 0.0014321518080916576, '23082393': 0.0014321518080916576, '350669765': 0.0014321518080916576, '30823273': 0.0014321518080916576, '2779112099': 0.0014321518080916576, '720785932832649218': 0.0014321518080916576, '287183523': 0.0014321518080916576, '765069225442541568': 0.0014321518080916576, '39138201': 0.0014321518080916576, '22795268': 0.001611170784103115, '268439470': 0.0014321518080916576, '64258957': 0.0014321518080916576, '2959489389': 0.0014321518080916576, '762243004384047104': 0.0014321518080916576, '34338622': 0.0014321518080916576, '228033113': 0.0014321518080916576, '492665799': 0.0014321518080916576, '21509762': 0.001611170784103115, '761398751021924352': 0.0014321518080916576, '48274776': 0.001611170784103115, '1414077667': 0.001611170784103115, '33666228': 0.0014321518080916576, '252391221': 0.0014321518080916576, '2782540259': 0.0014321518080916576, '4100849721': 0.0014321518080916576, '2246531964': 0.0014321518080916576, '1115458993': 0.0014321518080916576, '3836805193': 0.0014321518080916576, '730752506867912705': 0.0014321518080916576, '188347047': 0.0014321518080916576, '4876893085': 0.0014321518080916576, '234896729': 0.0014321518080916576, '359710056': 0.0014321518080916576, '380014161': 0.0014321518080916576, '172599189': 0.0014321518080916576, '399431232': 0.0014321518080916576, '216777492': 0.0014321518080916576, '1564852549': 0.0014321518080916576, '758645941427511297': 0.0014321518080916576, '164411930': 0.0014321518080916576, '3020824869': 0.0014321518080916576, '28695188': 0.0014321518080916576, '694297106601873410': 0.0014321518080916576, '737483604876464130': 0.0014321518080916576, '33793774': 0.0021482277121374865, '2536526715': 0.001611170784103115, '630481835': 0.0014321518080916576, '2950680315': 0.0014321518080916576, '748008031233916931': 0.0014321518080916576, '1917156006': 0.0014321518080916576, '101846740': 0.0014321518080916576, '24716706': 0.0014321518080916576, '2727525060': 0.0014321518080916576, '1512142910': 0.0014321518080916576, '298725168': 0.0014321518080916576, '962822958': 0.0014321518080916576, '208106589': 0.0014321518080916576, '2228123932': 0.0014321518080916576, '460801681': 0.0014321518080916576, '357321906': 0.0014321518080916576, '393300783': 0.0014321518080916576, '3941097740': 0.0014321518080916576, '23192835': 0.0014321518080916576, '747972582': 0.0014321518080916576, '1025081365': 0.0014321518080916576, '1252466058': 0.0014321518080916576, '41831193': 0.0014321518080916576, '483529574': 0.001611170784103115, '79563407': 0.0014321518080916576, '2564198618': 0.0014321518080916576, '1090771080': 0.0014321518080916576, '375458732': 0.0014321518080916576, '301067984': 0.0014321518080916576, '2764465137': 0.0014321518080916576, '47819650': 0.0014321518080916576, '3325145372': 0.0014321518080916576, '3111604704': 0.0014321518080916576, '21876643': 0.0014321518080916576, '69049694': 0.0014321518080916576, '856894412': 0.0014321518080916576, '25097371': 0.0014321518080916576, '214030914': 0.0014321518080916576, '367231310': 0.0014321518080916576, '33638778': 0.0014321518080916576, '17604214': 0.0014321518080916576, '27270317': 0.0014321518080916576, '234809348': 0.0014321518080916576, '165419230': 0.0014321518080916576, '180944545': 0.0014321518080916576, '1575921265': 0.0014321518080916576, '23153001': 0.0014321518080916576, '114802995': 0.001611170784103115, '18813073': 0.0014321518080916576, '150409424': 0.0014321518080916576, '3238027340': 0.0014321518080916576, '24577700': 0.0014321518080916576, '4885097979': 0.0014321518080916576, '4847603608': 0.0024167561761546724, '200949516': 0.0014321518080916576, '1950319591': 0.0014321518080916576, '285634142': 0.001611170784103115, '4831602981': 0.0014321518080916576, '273746608': 0.001611170784103115, '119696912': 0.0014321518080916576, '311294335': 0.0014321518080916576, '3870513133': 0.0014321518080916576, '70735403': 0.0014321518080916576, '595850898': 0.0014321518080916576, '354332091': 0.0014321518080916576, '415287054': 0.0014321518080916576, '1531911318': 0.002864303616183315, '281387770': 0.0014321518080916576, '305765429': 0.0014321518080916576, '149603376': 0.0014321518080916576, '760970180566581248': 0.0014321518080916576, '48313573': 0.0014321518080916576, '27078015': 0.0014321518080916576, '1145310956': 0.0014321518080916576, '880365522': 0.0014321518080916576, '764106520036511744': 0.0014321518080916576, '3258792627': 0.0014321518080916576, '1383905040': 0.001611170784103115, '538605780': 0.0014321518080916576, '425585795': 0.0014321518080916576, '86886461': 0.0014321518080916576, '145465516': 0.0014321518080916576, '26067145': 0.0014321518080916576, '334820812': 0.0014321518080916576, '600368572': 0.0014321518080916576, '63516513': 0.0014321518080916576, '551221471': 0.0014321518080916576, '36656166': 0.0014321518080916576, '1625734039': 0.0014321518080916576, '734866424536150016': 0.0014321518080916576, '251781777': 0.0014321518080916576, '1101930637': 0.0014321518080916576, '54027200': 0.0014321518080916576, '3067430400': 0.0014321518080916576, '3046713973': 0.0014321518080916576, '16087284': 0.0014321518080916576, '540430355': 0.0014321518080916576, '27099985': 0.0014321518080916576, '22068068': 0.0014321518080916576, '18279799': 0.0014321518080916576, '714233231441326080': 0.0014321518080916576, '277334036': 0.0014321518080916576, '22856846': 0.0014321518080916576, '2913727941': 0.0014321518080916576, '304723834': 0.001611170784103115, '3506866154': 0.0014321518080916576, '164012840': 0.0014321518080916576, '745537549267918848': 0.0014321518080916576, '242204358': 0.0014321518080916576, '860760752': 0.0014321518080916576, '47403889': 0.0014321518080916576, '221897691': 0.0014321518080916576, '2874076005': 0.0014321518080916576, '564215662': 0.0014321518080916576, '39601416': 0.0014321518080916576, '2375641625': 0.0014321518080916576, '2279357845': 0.0014321518080916576, '49202953': 0.0014321518080916576, '1183013437': 0.0014321518080916576, '38492717': 0.0014321518080916576, '3980372681': 0.0014321518080916576, '124945179': 0.0014321518080916576, '2331255919': 0.0014321518080916576, '306885912': 0.0024411678547016894, '626665736': 0.0014321518080916576, '3102395316': 0.0014321518080916576, '1011686834': 0.0014321518080916576, '2774818843': 0.0014321518080916576, '748623607991963648': 0.0014321518080916576, '613111352': 0.0014321518080916576, '1418483143': 0.001611170784103115, '140816455': 0.0014321518080916576, '25455218': 0.0014321518080916576, '277131235': 0.0014321518080916576, '587420794': 0.0014321518080916576, '173572430': 0.0014321518080916576, '2646497580': 0.0014321518080916576, '43391011': 0.0014321518080916576, '193009589': 0.0014321518080916576, '854211228': 0.0014321518080916576, '200998657': 0.0014321518080916576, '3027935055': 0.0014321518080916576, '48777326': 0.0014321518080916576, '52907223': 0.0014321518080916576, '265082555': 0.0014321518080916576, '316891390': 0.0014321518080916576, '236237883': 0.0014321518080916576, '130830607': 0.0014321518080916576, '227130823': 0.0014321518080916576, '390444383': 0.0014321518080916576, '24689973': 0.0014321518080916576, '396196960': 0.0014321518080916576, '579354571': 0.0014321518080916576, '46145841': 0.0014321518080916576, '3264950736': 0.0014321518080916576, '249673172': 0.0014321518080916576, '2395130319': 0.0014321518080916576, '2892376188': 0.0014321518080916576, '3087117959': 0.0014321518080916576, '2461730594': 0.0014321518080916576, '319218597': 0.0014321518080916576, '2654725405': 0.0014321518080916576, '753294857314168832': 0.0014321518080916576, '577172219': 0.0014321518080916576, '3897189438': 0.0014321518080916576, '60872773': 0.0014321518080916576, '516244647': 0.0017185821697099893, '410168307': 0.0014321518080916576, '4901493624': 0.0014321518080916576, '512518116': 0.0014321518080916576, '2861795873': 0.0014321518080916576, '370933692': 0.0014321518080916576, '928920097': 0.0014321518080916576, '4580210788': 0.0014321518080916576, '2876474915': 0.0014321518080916576, '630452352': 0.0014321518080916576, '2329104925': 0.0014321518080916576, '275942684': 0.0014321518080916576, '283692517': 0.0024167561761546724, '324537648': 0.0014321518080916576, '253770243': 0.0014321518080916576, '759704808139862017': 0.0014321518080916576, '2951604833': 0.0014321518080916576, '762435337': 0.0014321518080916576, '3019310357': 0.0014321518080916576, '159505762': 0.0014321518080916576, '761328485222658048': 0.0014321518080916576, '4842964943': 0.0014321518080916576, '583526883': 0.0014321518080916576, '4196477727': 0.0014321518080916576, '139916393': 0.0014321518080916576, '2200630458': 0.0014321518080916576, '276324873': 0.0014321518080916576, '2539016140': 0.0014321518080916576, '37280929': 0.0014321518080916576, '592992151': 0.0014321518080916576, '808596350': 0.0014321518080916576, '137349561': 0.0014321518080916576, '1594246428': 0.0014321518080916576, '1458585404': 0.0014321518080916576, '324199457': 0.0014321518080916576, '59054206': 0.0014321518080916576, '29794588': 0.0014321518080916576, '762070862740787200': 0.0014321518080916576, '2631476367': 0.0014321518080916576, '597644881': 0.0014321518080916576, '3410542574': 0.0014321518080916576, '3699375376': 0.0014321518080916576, '753057780383166464': 0.0014321518080916576, '25200465': 0.0014321518080916576, '762194404241092608': 0.0014321518080916576, '420693297': 0.0014321518080916576, '2481726390': 0.0014321518080916576, '3035029614': 0.0014321518080916576, '3038474730': 0.0014321518080916576, '706989332033183744': 0.0014321518080916576, '2817875829': 0.0014321518080916576, '217392151': 0.0014321518080916576, '14120047': 0.0014321518080916576, '718637930': 0.0014321518080916576, '25341986': 0.0014321518080916576, '398043582': 0.0014321518080916576, '1708371240': 0.0014321518080916576, '2327715120': 0.0014321518080916576, '2493377233': 0.0014321518080916576, '3065756021': 0.0014321518080916576, '765966567154810880': 0.0014321518080916576, '2277828409': 0.0014321518080916576, '257805665': 0.0014321518080916576, '346806893': 0.0014321518080916576, '1449445958': 0.0014321518080916576, '4725478338': 0.0014321518080916576, '405426534': 0.0014321518080916576, '747836548029255685': 0.0014321518080916576, '109360492': 0.0014321518080916576, '180317088': 0.0014321518080916576, '2212926706': 0.0014321518080916576, '141235575': 0.0014321518080916576, '1458830137': 0.0014321518080916576, '719532278016122880': 0.0014321518080916576, '67074262': 0.0014321518080916576, '4885465670': 0.0014321518080916576, '757957406911504384': 0.0014321518080916576, '36082165': 0.0014321518080916576, '279974339': 0.0014321518080916576, '309003982': 0.0014321518080916576, '791781416': 0.0014321518080916576, '574162301': 0.0014321518080916576, '440719048': 0.0014321518080916576, '465916775': 0.0014321518080916576, '41991593': 0.0014321518080916576, '1663551410': 0.0014321518080916576, '2562970287': 0.0014321518080916576, '286848227': 0.0014321518080916576, '49047411': 0.0014321518080916576, '546078271': 0.0014321518080916576, '472396868': 0.0014321518080916576, '765575891279867904': 0.0014321518080916576, '715385496692654080': 0.0014321518080916576, '338160729': 0.0014321518080916576, '3109004322': 0.0014321518080916576, '718811790897848320': 0.0014321518080916576, '3124308322': 0.0014321518080916576, '393167956': 0.0014321518080916576, '58633496': 0.0014321518080916576, '434228592': 0.0014321518080916576, '255324122': 0.0014321518080916576, '44693081': 0.0014321518080916576, '199175197': 0.0014321518080916576, '114956985': 0.0014321518080916576, '1544502828': 0.0014321518080916576, '48121579': 0.0014321518080916576, '2690280973': 0.0014321518080916576, '34957708': 0.0014321518080916576, '402316003': 0.0014321518080916576, '152218829': 0.0014321518080916576, '451585458': 0.0014321518080916576, '306753938': 0.0014321518080916576, '185049084': 0.0014321518080916576, '2321340169': 0.0014321518080916576, '2166481523': 0.0014321518080916576, '747113396550656000': 0.0014321518080916576, '219815857': 0.0014321518080916576, '2784788960': 0.0014321518080916576, '30242864': 0.0014321518080916576, '711473434044309504': 0.0014321518080916576, '15562397': 0.001611170784103115, '760324504509743104': 0.0014321518080916576, '36856345': 0.0014321518080916576, '2199866300': 0.0014321518080916576, '95401896': 0.0014321518080916576, '3624331162': 0.0014321518080916576, '3998659279': 0.0014321518080916576, '4561810538': 0.0024167561761546724, '2939999565': 0.0014321518080916576, '1972461582': 0.0014321518080916576, '2332784954': 0.0014321518080916576, '1210049414': 0.0014321518080916576, '90948450': 0.0014321518080916576, '759480096805847040': 0.0014321518080916576, '2403016908': 0.0014321518080916576, '889453591': 0.0014321518080916576, '704696943771975681': 0.0014321518080916576, '23932310': 0.0014321518080916576, '55181119': 0.0014321518080916576, '2583249882': 0.0014321518080916576, '732355501489573888': 0.0014321518080916576, '764206256454242304': 0.0014321518080916576, '24655672': 0.0014321518080916576, '3998186849': 0.0014321518080916576, '746729229799333888': 0.0014321518080916576, '3320765382': 0.0014321518080916576, '765540918233559040': 0.0014321518080916576, '86968012': 0.0014321518080916576, '315161628': 0.0014321518080916576, '403075430': 0.0014321518080916576, '3289267863': 0.0014321518080916576, '33597772': 0.0014321518080916576, '1315402477': 0.0014321518080916576, '714121052': 0.0014321518080916576, '625973534': 0.0014321518080916576, '763244756830781440': 0.0014321518080916576, '362626833': 0.0014321518080916576, '3302725796': 0.0014321518080916576, '440556367': 0.0014321518080916576, '59666477': 0.0014321518080916576, '4825195174': 0.0014321518080916576, '2601272874': 0.0014321518080916576, '231512100': 0.0014321518080916576, '123669368': 0.0014321518080916576, '214018519': 0.0014321518080916576, '2900139381': 0.0014321518080916576, '132201018': 0.0014321518080916576, '593228402': 0.0014321518080916576, '760121158792601600': 0.0014321518080916576, '797116770': 0.0014321518080916576, '4019444653': 0.0014321518080916576, '626071785': 0.0014321518080916576, '3352616409': 0.0014321518080916576, '331160995': 0.0014321518080916576, '3253378591': 0.0014321518080916576, '53877487': 0.0014321518080916576, '948708523': 0.0014321518080916576, '840863606': 0.0014321518080916576, '32904760': 0.0014321518080916576, '2727689348': 0.0014321518080916576, '610520122': 0.0014321518080916576, '1157233092': 0.0014321518080916576, '1031603456': 0.0014321518080916576, '2936391702': 0.0014321518080916576, '763670212738703360': 0.0014321518080916576, '886854656': 0.0014321518080916576, '410300789': 0.003836120914531226, '3331611922': 0.0014321518080916576, '2979075377': 0.0014321518080916576, '24223299': 0.0014321518080916576, '766045492421812224': 0.0014321518080916576, '2720056330': 0.001611170784103115, '363973279': 0.0014321518080916576, '264127449': 0.001611170784103115, '380023826': 0.0014321518080916576, '353786663': 0.0014321518080916576, '765961030468001792': 0.0014321518080916576, '1176628759': 0.0014321518080916576, '433761207': 0.001611170784103115, '211000050': 0.0014321518080916576, '2865068860': 0.0014321518080916576, '872448560': 0.0014321518080916576, '561778465': 0.0014321518080916576, '3578172974': 0.0014321518080916576, '274260142': 0.0014321518080916576, '3378066273': 0.0014321518080916576, '1063902367': 0.0014321518080916576, '4768866435': 0.0014321518080916576, '134628319': 0.0014321518080916576, '2838797193': 0.0014321518080916576, '764693192419581952': 0.0014321518080916576, '1950631472': 0.0014321518080916576, '765162307580076036': 0.0014321518080916576, '710195576063660033': 0.0014321518080916576, '24518974': 0.0014321518080916576, '19212277': 0.0014321518080916576, '177966427': 0.0014321518080916576, '586126980': 0.0014321518080916576, '169677903': 0.0014321518080916576, '749510483326087169': 0.0014321518080916576, '740737945619947521': 0.0014321518080916576, '1588390904': 0.0014321518080916576, '212573765': 0.001611170784103115, '141605349': 0.0014321518080916576, '2163747939': 0.0014321518080916576, '2497057784': 0.0014321518080916576, '29584703': 0.0014321518080916576, '260066978': 0.001611170784103115, '249694665': 0.0024167561761546724, '1595735257': 0.0014321518080916576, '2691470850': 0.0014321518080916576, '2483407210': 0.0014321518080916576, '498222977': 0.0014321518080916576, '25611923': 0.001611170784103115, '2866720438': 0.0014321518080916576, '152874374': 0.0014321518080916576, '760687725448138755': 0.0014321518080916576, '3041906216': 0.0014321518080916576, '155643834': 0.0014321518080916576, '61973882': 0.0014321518080916576, '2191004545': 0.0014321518080916576, '2836703228': 0.0014321518080916576, '3132934262': 0.0014321518080916576, '883645538': 0.0014321518080916576, '3310166812': 0.0014321518080916576, '726624503409840129': 0.0014321518080916576, '202032733': 0.0014321518080916576, '545198819': 0.0014321518080916576, '23612867': 0.0014321518080916576, '2728543138': 0.0014321518080916576, '296692394': 0.0014321518080916576, '1886932526': 0.0014321518080916576, '57504245': 0.0014321518080916576, '2330237339': 0.0014321518080916576, '2883433262': 0.0014321518080916576, '2541601243': 0.0014321518080916576, '2413643408': 0.0014321518080916576, '226049905': 0.0014321518080916576, '2575623576': 0.0014321518080916576, '103494007': 0.0014321518080916576, '747718483098636290': 0.0014321518080916576, '766094030400806912': 0.0014321518080916576, '2179043735': 0.0014321518080916576, '1942020632': 0.0014321518080916576, '20678014': 0.0014321518080916576, '150781749': 0.0014321518080916576, '457103365': 0.0014321518080916576, '1486250161': 0.0014321518080916576, '2547003594': 0.0014321518080916576, '219501864': 0.0014321518080916576, '1332655112': 0.0014321518080916576, '519269027': 0.0014321518080916576, '343953111': 0.0014321518080916576, '27313807': 0.0014321518080916576, '2192426591': 0.0014321518080916576, '184237796': 0.0014321518080916576, '590202474': 0.0014321518080916576, '23356919': 0.0014321518080916576, '551131604': 0.0014321518080916576, '765204474369601538': 0.0014321518080916576, '2281746967': 0.0014321518080916576, '2718117926': 0.0017901897601145722, '31152719': 0.0014321518080916576, '794959129': 0.0014321518080916576, '757638777250590721': 0.0014321518080916576, '3248869453': 0.0014321518080916576, '372022122': 0.0014321518080916576, '2163785162': 0.0014321518080916576, '280357971': 0.0014321518080916576, '779531322': 0.0014321518080916576, '714251785183977472': 0.0014321518080916576, '3320137901': 0.0014321518080916576, '43938031': 0.0014321518080916576, '573971817': 0.0014321518080916576, '465745822': 0.0014321518080916576, '65815959': 0.0014321518080916576, '713262581': 0.0014321518080916576, '3294730456': 0.0014321518080916576, '58639268': 0.0014321518080916576, '1555963590': 0.0014321518080916576, '3087561400': 0.0014321518080916576, '1022847523': 0.0014321518080916576, '2830182411': 0.0014321518080916576, '598684128': 0.0014321518080916576, '187713541': 0.0014321518080916576, '286582365': 0.001611170784103115, '25060935': 0.0014321518080916576, '14768515': 0.0014321518080916576, '366190447': 0.0014321518080916576, '166398734': 0.0014321518080916576, '22578352': 0.0014321518080916576, '760363539039080448': 0.0014321518080916576, '32921721': 0.0014321518080916576, '239390367': 0.0014321518080916576, '261736294': 0.0014321518080916576, '3384354905': 0.0014321518080916576, '2623168708': 0.0014321518080916576, '2770077240': 0.0014321518080916576, '3124795543': 0.0014321518080916576, '165188993': 0.0014321518080916576, '459048963': 0.0014321518080916576, '48587168': 0.0014321518080916576, '712631209': 0.0014321518080916576, '563048501': 0.0014321518080916576, '2413240214': 0.0014321518080916576, '2751750676': 0.0014321518080916576, '96416718': 0.0014321518080916576, '22430456': 0.0014321518080916576, '752981544466259968': 0.0014321518080916576, '1898700991': 0.0014321518080916576, '75834104': 0.001611170784103115, '24565462': 0.001611170784103115, '2355250060': 0.0014321518080916576, '342718134': 0.0014321518080916576, '751039021292347392': 0.0014321518080916576, '557847314': 0.0014321518080916576, '393572673': 0.0014321518080916576, '90196774': 0.0014321518080916576, '147393792': 0.001611170784103115, '20412396': 0.0014321518080916576, '399058059': 0.0014321518080916576, '758240610': 0.0014321518080916576, '2271786792': 0.0014321518080916576, '2317538628': 0.0014321518080916576, '23151004': 0.0014321518080916576, '1123611962': 0.0014321518080916576, '18628068': 0.0014321518080916576, '471733633': 0.0014321518080916576, '1899105948': 0.0014321518080916576, '2276867250': 0.0014321518080916576, '32857818': 0.0014321518080916576, '53793926': 0.0014321518080916576, '2935953724': 0.0014321518080916576, '41213997': 0.0014321518080916576, '2414457033': 0.0014321518080916576, '78068229': 0.0014321518080916576, '4656656952': 0.0014321518080916576, '615030318': 0.0014321518080916576, '490414564': 0.0014321518080916576, '879229100': 0.0014321518080916576, '212592916': 0.0014321518080916576, '332578445': 0.0014321518080916576, '743574240': 0.0014321518080916576, '35888062': 0.0014321518080916576, '124236909': 0.0014321518080916576, '99758376': 0.0014321518080916576, '756265357719904256': 0.0014321518080916576, '244108357': 0.001611170784103115, '26465563': 0.0014321518080916576, '469887806': 0.0014321518080916576, '1509613465': 0.0014321518080916576, '2952713022': 0.0014321518080916576, '549718970': 0.0014321518080916576, '720295532': 0.0014321518080916576, '3197304372': 0.0014321518080916576, '1288237230': 0.0024167561761546724, '740384968090615808': 0.0014321518080916576, '347960619': 0.0014321518080916576, '2588731962': 0.0014321518080916576, '2156045139': 0.0014321518080916576, '2370045512': 0.0014321518080916576, '737782453': 0.0014321518080916576, '23531111': 0.0024167561761546724, '538704631': 0.001611170784103115, '34561510': 0.0014321518080916576, '754791686887399424': 0.0014321518080916576, '50193500': 0.0014321518080916576, '766163476465250305': 0.0014321518080916576, '2764960090': 0.0014321518080916576, '20498557': 0.0014321518080916576, '331355788': 0.0014321518080916576, '1025389002': 0.001611170784103115, '333918579': 0.0014321518080916576, '732160349798051841': 0.0014321518080916576, '2590648994': 0.0014321518080916576, '1728147644': 0.0014321518080916576, '1881434311': 0.0014321518080916576, '29614569': 0.001611170784103115, '580882575': 0.0014321518080916576, '3312154476': 0.0014321518080916576, '27178779': 0.0014321518080916576, '725197447': 0.0014321518080916576, '58923442': 0.0014321518080916576, '4664205187': 0.0014321518080916576, '59749017': 0.0014321518080916576, '334949677': 0.0014321518080916576, '34697179': 0.0014321518080916576, '2280063978': 0.0014321518080916576, '729675900703248385': 0.0014321518080916576, '179588464': 0.0014321518080916576, '4732162632': 0.001611170784103115, '3264626078': 0.0014321518080916576, '2381080831': 0.0014321518080916576, '3091885010': 0.0014321518080916576, '294257285': 0.0014321518080916576, '3308665004': 0.0014321518080916576, '20810817': 0.0014321518080916576, '3013830918': 0.0014321518080916576, '260736485': 0.0024167561761546724, '2697240902': 0.0014321518080916576, '2181829010': 0.0014321518080916576, '1228168650': 0.001611170784103115, '101672591': 0.0014321518080916576, '13719852': 0.0014321518080916576, '326427068': 0.001611170784103115, '3129697590': 0.0014321518080916576, '1562296668': 0.0014321518080916576, '4289108602': 0.0014321518080916576, '2228171385': 0.0014321518080916576, '3413878965': 0.0014321518080916576, '26552873': 0.0014321518080916576, '521776435': 0.0014321518080916576, '403796412': 0.0014321518080916576, '1033429483': 0.0014321518080916576, '716778061933314051': 0.0014321518080916576, '72041808': 0.0014321518080916576, '3094357496': 0.0014321518080916576, '2883500596': 0.0014321518080916576, '733110148823023616': 0.0014321518080916576, '4164058336': 0.0014321518080916576, '595318722': 0.0014321518080916576, '4790364673': 0.0014321518080916576, '37919376': 0.0014321518080916576, '2670261554': 0.0014321518080916576, '3216705094': 0.0014321518080916576, '2362856150': 0.0014321518080916576, '700457544817336320': 0.0014321518080916576, '3941920097': 0.0014321518080916576, '1170586009': 0.0014321518080916576, '19673936': 0.0014321518080916576, '14577821': 0.0014321518080916576, '604730863': 0.0014321518080916576, '163992822': 0.001611170784103115, '20853498': 0.0014321518080916576, '2533683068': 0.0024551173852999843, '3374739441': 0.0014321518080916576, '710247867600887808': 0.0022377372001432154, '4722313218': 0.0014321518080916576, '457230627': 0.0014321518080916576, '301588004': 0.001611170784103115, '362396852': 0.0017185821697099893, '82245243': 0.0014321518080916576, '1308086382': 0.0014321518080916576, '2669315532': 0.0014321518080916576, '491871274': 0.0014321518080916576, '44693993': 0.0014321518080916576, '61901605': 0.0014321518080916576, '474542563': 0.0014321518080916576, '763573247766065152': 0.0014321518080916576, '3599056099': 0.0014321518080916576, '968498756': 0.0014321518080916576, '186700511': 0.0014321518080916576, '423073875': 0.0017185821697099893, '4855776365': 0.0014321518080916576, '515080330': 0.001611170784103115, '709511406622797828': 0.0014321518080916576}
