number_of_nodes: 954
number_of_edges: 1001
cascade_size: 953
tree_depth: Graph contains a cycle
in_degree_distribution: [0, 1, 1, 1, 1, 1, 1, 1, 1, 1, 2, 1, 1, 1, 1, 2, 1, 1, 1, 1, 1, 1, 1, 1, 1, 1, 1, 1, 2, 1, 1, 1, 1, 1, 1, 1, 1, 1, 1, 1, 1, 1, 1, 1, 1, 1, 1, 1, 1, 1, 1, 1, 1, 1, 1, 1, 1, 1, 1, 1, 1, 1, 1, 1, 1, 3, 1, 1, 1, 1, 1, 1, 1, 1, 1, 1, 1, 1, 1, 1, 1, 1, 1, 1, 1, 1, 1, 1, 1, 1, 1, 1, 1, 1, 1, 1, 1, 1, 1, 1, 1, 1, 1, 4, 2, 1, 1, 1, 1, 1, 1, 1, 1, 1, 1, 1, 1, 1, 1, 1, 1, 1, 1, 1, 1, 1, 1, 1, 1, 1, 1, 1, 1, 1, 1, 1, 1, 1, 1, 1, 1, 1, 1, 1, 1, 1, 1, 1, 1, 1, 1, 1, 1, 1, 2, 1, 1, 1, 1, 1, 1, 1, 1, 1, 1, 1, 1, 1, 1, 1, 1, 1, 1, 1, 1, 1, 1, 1, 1, 1, 1, 1, 1, 1, 1, 1, 1, 1, 1, 1, 1, 1, 1, 1, 1, 1, 1, 1, 1, 1, 1, 1, 1, 1, 1, 1, 1, 1, 1, 1, 1, 1, 1, 1, 1, 1, 1, 1, 1, 1, 1, 1, 1, 1, 1, 1, 1, 1, 1, 1, 1, 1, 1, 1, 1, 1, 1, 1, 1, 1, 1, 1, 1, 1, 1, 1, 1, 1, 1, 1, 1, 1, 1, 1, 1, 1, 1, 1, 4, 1, 1, 1, 1, 3, 1, 1, 1, 1, 1, 1, 1, 1, 1, 1, 1, 1, 1, 1, 1, 1, 1, 1, 1, 1, 1, 1, 1, 1, 1, 1, 1, 1, 1, 1, 2, 1, 1, 1, 1, 1, 1, 1, 1, 1, 1, 1, 1, 1, 1, 1, 1, 1, 1, 1, 1, 1, 1, 1, 1, 1, 1, 1, 1, 1, 1, 1, 1, 1, 1, 1, 1, 1, 1, 1, 1, 1, 1, 1, 1, 1, 1, 1, 1, 1, 1, 1, 1, 1, 1, 1, 1, 1, 1, 1, 1, 1, 1, 1, 1, 1, 1, 1, 1, 1, 1, 1, 1, 1, 1, 1, 1, 1, 1, 1, 1, 1, 1, 1, 1, 1, 1, 1, 2, 1, 1, 1, 1, 1, 1, 1, 1, 1, 1, 1, 1, 1, 2, 7, 1, 1, 1, 1, 1, 1, 1, 1, 1, 1, 1, 1, 1, 1, 1, 1, 1, 1, 1, 1, 1, 1, 1, 1, 1, 1, 1, 1, 2, 1, 1, 1, 1, 1, 1, 1, 1, 1, 1, 1, 1, 1, 1, 1, 1, 1, 1, 1, 1, 1, 1, 1, 1, 1, 1, 1, 1, 1, 1, 1, 1, 1, 1, 1, 1, 1, 1, 1, 1, 1, 1, 1, 1, 1, 1, 1, 1, 1, 1, 1, 1, 1, 1, 1, 1, 1, 1, 1, 1, 2, 1, 1, 2, 1, 1, 1, 1, 1, 1, 1, 1, 1, 1, 1, 1, 1, 1, 1, 1, 1, 1, 1, 1, 1, 1, 1, 1, 1, 1, 1, 1, 1, 1, 1, 1, 1, 1, 1, 1, 2, 1, 1, 1, 1, 1, 1, 1, 1, 1, 1, 1, 1, 1, 1, 1, 3, 1, 1, 1, 1, 1, 1, 1, 1, 1, 1, 1, 1, 1, 1, 1, 1, 1, 1, 1, 1, 1, 1, 1, 1, 2, 1, 1, 1, 1, 1, 1, 1, 1, 1, 1, 1, 1, 1, 1, 1, 1, 1, 1, 1, 1, 1, 1, 1, 2, 1, 1, 1, 1, 1, 1, 1, 1, 1, 1, 1, 1, 1, 1, 1, 1, 4, 1, 1, 1, 1, 1, 1, 1, 1, 1, 1, 1, 1, 1, 1, 1, 1, 1, 1, 1, 1, 1, 1, 3, 1, 1, 1, 1, 1, 1, 1, 1, 1, 1, 1, 1, 1, 1, 1, 1, 1, 1, 1, 1, 1, 1, 1, 2, 1, 1, 1, 1, 1, 1, 1, 1, 1, 1, 1, 1, 1, 1, 1, 1, 1, 1, 1, 1, 1, 1, 1, 1, 1, 1, 4, 1, 1, 1, 1, 1, 1, 1, 1, 1, 1, 1, 1, 1, 1, 1, 1, 1, 1, 1, 1, 1, 1, 1, 1, 1, 1, 1, 1, 1, 1, 1, 1, 1, 1, 1, 1, 1, 1, 1, 1, 1, 1, 1, 1, 1, 1, 1, 1, 1, 1, 1, 1, 1, 1, 1, 1, 1, 1, 1, 1, 1, 1, 2, 1, 1, 1, 1, 1, 1, 1, 1, 1, 1, 1, 1, 1, 1, 1, 1, 1, 1, 1, 1, 1, 1, 1, 1, 1, 1, 1, 1, 1, 1, 1, 1, 1, 1, 1, 1, 1, 1, 1, 1, 1, 1, 1, 1, 1, 1, 1, 1, 1, 1, 1, 1, 1, 1, 1, 1, 1, 1, 1, 1, 1, 1, 1, 1, 1, 1, 1, 1, 1, 1, 1, 1, 1, 1, 1, 1, 1, 1, 2, 1, 1, 1, 1, 1, 1, 1, 1, 1, 1, 1, 1, 1, 1, 1, 1, 1, 1, 1, 1, 1, 1, 1, 1, 2, 1, 2, 1, 1, 1, 1, 1, 1, 1, 1, 1, 1, 1, 1, 1, 1, 1, 1, 1, 1, 1, 1, 1, 1, 1, 1, 1, 1, 1, 1, 1, 1, 1, 1, 1, 1, 1, 1, 2, 1, 1, 1, 1, 1, 1, 1, 1, 1, 1, 1, 1, 1, 1, 1, 1, 1, 1, 1, 1, 1, 1, 1, 1, 1, 1, 1, 1, 1, 1, 1, 1, 1, 1, 1, 1, 1, 1, 1, 1, 1, 1, 1, 1, 1, 1, 1, 1, 1, 1, 1, 1, 1, 1, 3, 1, 1, 1, 1, 1, 1, 1, 1, 1]
out_degree_distribution: [1, 690, 0, 0, 0, 0, 0, 0, 0, 0, 4, 0, 1, 1, 0, 2, 0, 50, 0, 3, 1, 0, 0, 0, 0, 0, 0, 0, 1, 0, 0, 0, 0, 0, 0, 0, 0, 0, 0, 0, 0, 0, 0, 0, 0, 0, 0, 1, 0, 1, 0, 0, 0, 0, 0, 0, 0, 0, 0, 0, 0, 0, 0, 0, 0, 2, 0, 0, 0, 0, 0, 0, 0, 0, 0, 1, 0, 0, 4, 0, 0, 0, 0, 0, 0, 1, 0, 1, 0, 1, 0, 0, 0, 0, 0, 5, 0, 0, 0, 0, 0, 0, 0, 5, 0, 0, 0, 0, 1, 0, 0, 0, 0, 0, 1, 0, 0, 0, 0, 0, 0, 4, 0, 1, 0, 0, 0, 0, 0, 0, 0, 2, 0, 0, 0, 0, 0, 0, 0, 0, 0, 1, 4, 16, 0, 0, 0, 0, 0, 0, 0, 0, 0, 0, 1, 0, 0, 0, 0, 0, 0, 0, 1, 0, 1, 0, 0, 0, 0, 0, 1, 0, 0, 0, 0, 0, 0, 3, 0, 2, 1, 0, 0, 0, 0, 0, 0, 0, 0, 0, 0, 0, 0, 0, 0, 0, 0, 3, 0, 0, 0, 0, 0, 0, 0, 0, 0, 0, 0, 0, 0, 0, 1, 0, 3, 0, 0, 0, 1, 0, 0, 0, 0, 0, 0, 0, 0, 0, 0, 0, 0, 0, 0, 0, 0, 0, 0, 0, 0, 0, 0, 0, 0, 0, 0, 0, 0, 1, 2, 0, 1, 0, 0, 0, 0, 0, 0, 0, 3, 10, 0, 0, 0, 1, 0, 1, 0, 1, 0, 2, 0, 1, 0, 6, 0, 0, 0, 1, 0, 1, 0, 0, 0, 0, 1, 0, 0, 0, 0, 0, 0, 0, 0, 3, 4, 0, 1, 0, 0, 0, 0, 0, 0, 0, 0, 0, 0, 0, 0, 0, 0, 0, 0, 0, 3, 0, 0, 1, 0, 0, 2, 0, 3, 0, 0, 0, 0, 0, 0, 0, 0, 0, 0, 1, 1, 0, 0, 0, 0, 0, 0, 0, 0, 0, 0, 0, 0, 0, 0, 0, 0, 0, 0, 0, 0, 0, 0, 0, 0, 0, 0, 0, 0, 0, 0, 0, 0, 0, 0, 0, 0, 0, 0, 0, 0, 0, 0, 0, 0, 0, 0, 0, 2, 0, 0, 0, 0, 0, 0, 0, 1, 0, 1, 0, 0, 0, 3, 8, 0, 0, 0, 0, 0, 0, 0, 0, 2, 0, 0, 0, 0, 0, 0, 1, 0, 0, 0, 1, 0, 0, 0, 0, 0, 0, 0, 0, 0, 1, 0, 0, 0, 0, 0, 0, 2, 0, 0, 0, 0, 0, 1, 0, 0, 0, 1, 0, 0, 1, 1, 0, 0, 0, 0, 0, 0, 0, 2, 0, 0, 0, 0, 1, 0, 0, 0, 0, 0, 0, 0, 0, 0, 0, 3, 0, 0, 0, 0, 0, 0, 0, 0, 0, 0, 1, 0, 0, 1, 1, 1, 0, 1, 1, 0, 0, 0, 0, 0, 0, 0, 0, 0, 0, 0, 0, 0, 0, 0, 0, 3, 0, 0, 0, 0, 0, 0, 0, 0, 1, 0, 1, 0, 1, 0, 3, 0, 0, 0, 1, 0, 0, 0, 0, 0, 0, 1, 0, 0, 0, 0, 0, 0, 0, 0, 3, 0, 0, 0, 0, 0, 0, 0, 0, 0, 1, 0, 0, 1, 0, 0, 0, 0, 0, 0, 0, 0, 0, 0, 0, 0, 0, 0, 0, 0, 1, 0, 0, 0, 0, 0, 0, 0, 0, 0, 0, 0, 0, 0, 0, 0, 0, 0, 0, 1, 0, 0, 2, 0, 0, 0, 0, 0, 0, 0, 0, 0, 0, 0, 0, 0, 1, 0, 0, 0, 1, 0, 1, 0, 0, 0, 0, 0, 0, 0, 0, 0, 0, 1, 0, 0, 0, 0, 0, 3, 0, 0, 0, 0, 0, 0, 0, 1, 0, 0, 0, 0, 0, 0, 0, 0, 0, 0, 0, 1, 0, 0, 0, 2, 0, 0, 0, 0, 0, 0, 1, 0, 0, 0, 0, 0, 0, 0, 0, 2, 0, 1, 0, 0, 0, 1, 0, 0, 0, 0, 1, 0, 0, 0, 0, 0, 0, 0, 0, 0, 0, 0, 0, 0, 0, 0, 0, 0, 1, 0, 1, 0, 0, 0, 0, 0, 0, 0, 0, 0, 0, 0, 0, 0, 0, 0, 0, 0, 0, 0, 0, 0, 0, 0, 0, 0, 0, 0, 0, 0, 0, 0, 0, 0, 0, 0, 0, 1, 0, 0, 0, 0, 0, 1, 0, 0, 0, 0, 0, 0, 0, 1, 0, 0, 0, 1, 0, 0, 0, 0, 0, 1, 0, 0, 0, 0, 0, 0, 1, 0, 0, 0, 0, 0, 0, 0, 0, 0, 0, 0, 0, 0, 0, 0, 0, 0, 0, 0, 0, 0, 0, 0, 0, 0, 0, 0, 0, 0, 0, 0, 0, 0, 0, 0, 0, 0, 0, 0, 0, 0, 0, 0, 0, 0, 0, 1, 0, 1, 0, 0, 0, 1, 0, 0, 0, 0, 0, 0, 0, 0, 0, 0, 0, 0, 0, 0, 0, 0, 0, 0, 0, 0, 0, 1, 0, 0, 0, 0, 0, 1, 0, 0, 0, 1, 0, 0, 0, 0, 0, 0, 0, 0, 0, 0, 0, 0, 0, 0, 0, 0, 0, 0, 0, 0, 0, 0, 0, 0, 0, 0, 0, 0, 0, 0, 0, 0, 2, 0, 33, 0, 0, 0, 0, 1, 0, 0, 0, 0, 0, 0, 0, 0, 0, 0, 0, 0, 0, 0, 0, 0, 0, 0, 0, 0, 0, 0, 0, 0, 0, 0, 0, 0, 0, 0, 0, 0, 0, 0, 0, 0, 0, 0, 0, 0, 0, 0, 0, 0, 0, 0, 0, 1, 0, 0, 0, 0, 0, 0, 0, 0, 0]
propagation_delay_min: 0.0
propagation_delay_mean: 763.5275124875125
propagation_delay_max: 79643.6
reaction_time_min: 0.0
reaction_time_mean: 763.5275124875125
reaction_time_max: 79643.6
betweenness_centrality: {'ROOT': 0.0, '2836421': 0.001049317943336831, '257010814': 0.0, '36924858': 0.0, '1673199080': 0.0, '238872700': 0.0, '337301427': 0.0, '701562661': 0.0, '707272449650507777': 0.0, '276991521': 0.0, '2290499798': 8.266685477968732e-05, '3261732539': 0.0, '2465332926': 2.204449460791662e-06, '4851729209': 2.204449460791662e-06, '9832752': 0.0, '907376150': 1.102224730395831e-06, '61639680': 0.0, '91180720': 0.00010801802357879143, '6296522': 0.0, '2171640414': 4.408898921583324e-06, '98431120': 2.204449460791662e-06, '408929779': 0.0, '4793866692': 0.0, '3057231835': 0.0, '941621': 0.0, '16425258': 0.0, '4517852294': 0.0, '391829684': 0.0, '3429821031': 0.0, '462906157': 0.0, '93849147': 0.0, '2300529367': 0.0, '2251484588': 0.0, '704525524794793985': 0.0, '3062155297': 0.0, '3390015394': 0.0, '65837294': 0.0, '36707014': 0.0, '5870242': 0.0, '4636869615': 0.0, '45945763': 0.0, '56062177': 0.0, '26122300': 0.0, '486846321': 0.0, '28387347': 0.0, '3319269589': 0.0, '3197999640': 0.0, '71388055': 2.204449460791662e-06, '47376165': 0.0, '19294085': 2.204449460791662e-06, '14782782': 0.0, '373458548': 0.0, '1706584934': 0.0, '2587938266': 0.0, '16363654': 0.0, '24200419': 0.0, '18122583': 0.0, '138152192': 0.0, '102366863': 0.0, '23829241': 0.0, '8036372': 0.0, '17297166': 0.0, '864742626': 0.0, '403520891': 0.0, '290187508': 0.0, '2202961048': 8.92802031620623e-05, '2952826183': 0.0, '16408516': 0.0, '1861413494': 0.0, '14861684': 0.0, '18697592': 0.0, '608424758': 0.0, '190739255': 0.0, '14868169': 0.0, '611490036': 0.0, '15663023': 2.204449460791662e-06, '201358661': 0.0, '345594964': 0.0, '21443029': 8.817797843166647e-06, '399544189': 0.0, '2245080337': 0.0, '4922276899': 0.0, '4643954776': 0.0, '2988501189': 0.0, '16668713': 0.0, '374108016': 2.204449460791662e-06, '276042643': 0.0, '256677376': 2.204449460791662e-06, '457769462': 0.0, '1547493644': 2.204449460791662e-06, '712831124813185024': 0.0, '55388358': 0.0, '597130654': 0.0, '2349122833': 0.0, '12575462': 0.0, '25055134': 1.102224730395831e-05, '47816528': 0.0, '57024288': 0.0, '4268195735': 0.0, '3298504008': 0.0, '969065054': 0.0, '203718360': 0.0, '274263703': 0.0, '59918615': 3.1964517181479094e-05, '622503410': 0.0, '919668458': 0.0, '205393192': 0.0, '432121898': 0.0, '2744902125': 2.204449460791662e-06, '1525411730': 0.0, '198988906': 0.0, '352007100': 0.0, '2392022033': 0.0, '347597562': 0.0, '208635354': 2.204449460791662e-06, '3234219104': 0.0, '1280828449': 0.0, '268589776': 0.0, '2948725589': 0.0, '701442179655401472': 0.0, '1447048957': 0.0, '259950314': 8.817797843166647e-06, '2274788701': 0.0, '144798793': 2.204449460791662e-06, '423699004': 0.0, '251757284': 0.0, '54691816': 0.0, '475768360': 0.0, '3166800085': 0.0, '300612784': 0.0, '233903699': 0.0, '20958510': 4.408898921583324e-06, '1700786419': 0.0, '1901928318': 0.0, '16940343': 0.0, '15656040': 0.0, '49443940': 0.0, '28696635': 0.0, '35904361': 0.0, '3067226717': 0.0, '319337461': 0.0, '369122241': 2.204449460791662e-06, '67958182': 1.102224730395831e-05, '8839632': 3.747564083345825e-05, '3047343780': 0.0, '505064522': 0.0, '2284514707': 0.0, '20097362': 0.0, '253723827': 0.0, '2937467927': 0.0, '525976011': 0.0, '86620549': 0.0, '48474625': 0.0, '165273433': 0.0, '1566030626': 2.204449460791662e-06, '38877373': 0.0, '714721235': 0.0, '1452668023': 0.0, '3302667486': 0.0, '624322727': 0.0, '716545648': 0.0, '30032054': 0.0, '44491013': 4.408898921583324e-06, '2467960591': 0.0, '4085496618': 3.3066741911874926e-06, '81967097': 0.0, '15443718': 0.0, '233090776': 0.0, '246625559': 0.0, '3006726285': 0.0, '153619868': 2.204449460791662e-06, '2810309853': 0.0, '894271968': 0.0, '17045166': 0.0, '1337948898': 0.0, '270994500': 0.0, '2893534115': 0.0, '11856892': 6.613348382374985e-06, '16395049': 0.0, '31342918': 4.408898921583324e-06, '397635716': 3.3066741911874926e-06, '358963832': 0.0, '181012765': 0.0, '449403063': 0.0, '2779304305': 0.0, '25036190': 0.0, '129019003': 0.0, '92218090': 0.0, '3161167299': 0.0, '2251231819': 0.0, '1471056036': 0.0, '3428180986': 0.0, '21342372': 0.0, '3788757797': 0.0, '27200600': 0.0, '14213905': 0.0, '705849931760738304': 0.0, '312195609': 4.408898921583324e-06, '215318147': 0.0, '1548802771': 0.0, '1258151748': 0.0, '844863470': 0.0, '389758112': 0.0, '127104216': 0.0, '1106883991': 0.0, '318622408': 0.0, '155769250': 0.0, '2547111272': 0.0, '2611622852': 0.0, '210774132': 0.0, '258066464': 0.0, '3038412270': 0.0, '586853452': 2.204449460791662e-06, '1586804930': 0.0, '2547790158': 8.597352897087482e-05, '1851981464': 0.0, '41820675': 0.0, '421838705': 0.0, '123045703': 2.204449460791662e-06, '1041450271': 0.0, '2719008527': 0.0, '33986330': 0.0, '2516460061': 0.0, '2353974979': 0.0, '302095194': 0.0, '3303928840': 0.0, '21966210': 0.0, '2389738746': 0.0, '1359042271': 0.0, '129040214': 0.0, '205360912': 0.0, '19358022': 0.0, '15010239': 0.0, '399568113': 0.0, '43993601': 0.0, '198108535': 0.0, '293104735': 0.0, '492104162': 0.0, '117963649': 0.0, '122407029': 0.0, '199636296': 0.0, '3108391171': 0.0, '2524003372': 0.0, '3247090801': 0.0, '18286742': 0.0, '230209839': 0.0, '3221794099': 0.0, '1142734430': 0.0, '75164667': 2.204449460791662e-06, '9231742': 0.0, '242454333': 6.613348382374985e-06, '3076092337': 0.0, '15597138': 0.0, '1352231142': 0.0, '2954915265': 0.0, '251000014': 0.0, '2534146453': 0.0, '2923084839': 0.0, '366435041': 1.8737820416729124e-05, '14563376': 2.424894406870828e-05, '64693044': 0.0, '459872245': 0.0, '35672684': 0.0, '205594654': 3.3066741911874926e-06, '201615084': 0.0, '415280138': 2.204449460791662e-06, '168518554': 0.0, '173475163': 3.3066741911874926e-06, '3866369175': 0.0, '1965612534': 4.408898921583324e-06, '25608603': 0.0, '188150556': 6.613348382374985e-06, '385735466': 0.0, '39576271': 1.322669676474997e-05, '44397881': 0.0, '3165039123': 0.0, '860622343': 0.0, '4842567851': 0.0, '5407582': 0.0, '599180436': 4.408898921583324e-06, '3120227844': 0.0, '344140315': 0.0, '2532880557': 0.0, '234805056': 0.0, '15697364': 2.204449460791662e-06, '503988740': 0.0, '564771725': 0.0, '34821949': 0.0, '107171621': 0.0, '715258624092741632': 0.0, '42046241': 0.0, '408913965': 0.0, '3532804813': 0.0, '319777415': 6.613348382374985e-06, '2497286180': 2.204449460791662e-06, '66246463': 0.0, '23593199': 2.204449460791662e-06, '713084385537429509': 0.0, '129526938': 0.0, '838627057': 0.0, '301761038': 0.0, '195606183': 0.0, '15555396': 0.0, '464638841': 0.0, '474917204': 0.0, '264451340': 0.0, '17013060': 0.0, '18763425': 0.0, '43649549': 0.0, '21934966': 0.0, '985490888': 0.0, '444374745': 0.0, '42332041': 0.0, '29446293': 0.0, '327622609': 6.613348382374985e-06, '495430249': 0.0, '174640271': 0.0, '433407309': 0.0, '309584968': 0.0, '16855833': 0.0, '19088288': 4.408898921583324e-06, '19989007': 0.0, '2556020646': 8.817797843166647e-06, '2362612680': 0.0, '127833459': 0.0, '860530914': 0.0, '4860032534': 0.0, '1202293238': 0.0, '62697914': 0.0, '408132102': 0.0, '1571925390': 0.0, '23677379': 0.0, '560732738': 0.0, '83717415': 2.204449460791662e-06, '330106627': 3.3066741911874926e-06, '46150634': 0.0, '147448124': 0.0, '18712328': 0.0, '17354054': 0.0, '486515301': 0.0, '478387478': 0.0, '1605055873': 0.0, '731051768': 0.0, '4760716910': 0.0, '383014934': 0.0, '23831872': 0.0, '3592477283': 0.0, '205741849': 0.0, '283193951': 0.0, '4229502498': 0.0, '370222416': 0.0, '4217838444': 0.0, '3947091915': 0.0, '618382649': 0.0, '21727907': 0.0, '711855310': 0.0, '244606656': 0.0, '4922746738': 0.0, '382369955': 0.0, '274253919': 0.0, '2337806258': 0.0, '193983541': 0.0, '213371710': 0.0, '3762301453': 0.0, '24122011': 0.0, '73409036': 0.0, '277836658': 0.0, '2148924911': 0.0, '102880885': 0.0, '47750502': 0.0, '2177169055': 0.0, '1634182406': 0.0, '313214869': 0.0, '1862629969': 0.0, '192693061': 0.0, '2408088689': 0.0, '46980135': 0.0, '612192977': 0.0, '1214779117': 0.0, '2350549862': 0.0, '4597920619': 0.0, '403090571': 0.0, '1433785249': 3.3066741911874926e-06, '415920039': 0.0, '1852632042': 0.0, '1140456349': 0.0, '523871901': 0.0, '1290142435': 0.0, '489970729': 0.0, '787852411': 0.0, '1659205380': 1.102224730395831e-05, '4375101': 0.0, '697407543446999040': 2.204449460791662e-06, '1979650400': 0.0, '59897177': 0.0, '239964758': 0.0, '21985566': 5.511123651979155e-06, '4320168139': 0.0001851737547064996, '1069741909': 0.0, '32510783': 0.0, '14186393': 0.0, '2413335613': 0.0, '978594872': 0.0, '17030149': 0.0, '2970365920': 0.0, '83478009': 0.0, '1589254776': 1.322669676474997e-05, '131287646': 0.0, '704060092065423361': 0.0, '14058842': 0.0, '157050986': 0.0, '152641743': 0.0, '93018758': 0.0, '1938738385': 2.204449460791662e-06, '338142247': 0.0, '151000889': 0.0, '327720257': 0.0, '32517666': 2.204449460791662e-06, '2166719767': 0.0, '336690492': 0.0, '25138566': 0.0, '120949314': 0.0, '26277534': 0.0, '4759057768': 0.0, '3238535246': 0.0, '75029631': 0.0, '382268135': 0.0, '2357584858': 2.204449460791662e-06, '178595022': 0.0, '243112721': 0.0, '23773209': 0.0, '98627912': 0.0, '137111464': 0.0, '21619958': 0.0, '246082925': 5.511123651979155e-06, '3023842258': 0.0, '22844639': 0.0, '303225037': 0.0, '2240405522': 0.0, '107809743': 0.0, '2586324829': 0.0, '486191911': 0.0, '2305136294': 0.0, '254357006': 0.0, '261015924': 2.204449460791662e-06, '28494414': 0.0, '34383891': 0.0, '1922065608': 8.817797843166647e-06, '2963393272': 5.511123651979155e-06, '282408548': 0.0, '21920108': 0.0, '2769102035': 0.0, '1926571112': 0.0, '2551165590': 0.0, '789430788': 0.0, '36230769': 0.0, '494455001': 6.613348382374985e-06, '3069279631': 0.0, '164402684': 0.0, '2587768189': 0.0, '583388243': 0.0, '2795988827': 2.204449460791662e-06, '161511153': 0.0, '22700291': 0.0, '225977109': 0.0, '876589850': 0.0, '1099358820': 0.0, '2240839609': 0.0, '627736044': 0.0, '713482341050519552': 0.0, '57340918': 0.0, '711349816110895104': 0.0, '2427778873': 1.322669676474997e-05, '266129829': 0.0, '1030411644': 0.0, '1876660194': 0.0, '31472859': 0.0, '1713821534': 0.0, '18121304': 0.0, '977508319': 0.0, '19658819': 0.0, '2503148816': 0.0, '36085722': 0.0, '109402059': 2.204449460791662e-06, '1697751708': 0.0, '3325037504': 0.0, '1686369542': 0.0, '307436940': 0.0, '67052442': 2.204449460791662e-06, '1212020275': 0.0, '66739464': 0.0, '261918215': 2.204449460791662e-06, '59296107': 0.0, '150653567': 0.0, '266775348': 0.0, '1581175764': 0.0, '2281325131': 0.0, '3382902853': 0.0, '533724755': 0.0, '31927729': 0.0, '236964229': 0.0, '447065881': 0.0, '1107852319': 0.0, '926350166': 0.0, '321162698': 0.0, '1487973619': 0.0, '580268082': 0.0, '27462402': 0.0, '17780809': 6.613348382374985e-06, '244702875': 0.0, '185875434': 0.0, '27319764': 0.0, '394320423': 0.0, '28359846': 0.0, '703327909319200768': 0.0, '291455384': 0.0, '239292735': 0.0, '96636859': 2.204449460791662e-06, '375187909': 0.0, '2857917076': 4.408898921583324e-06, '465363346': 0.0, '64178914': 2.204449460791662e-06, '2615872921': 0.0, '501173464': 6.613348382374985e-06, '92964933': 0.0, '2350019812': 0.0, '2330151651': 0.0, '2363075347': 0.0, '2997525516': 0.0, '500154514': 0.0, '1152518666': 0.0, '266771066': 0.0, '28993948': 0.0, '176941218': 0.0, '311637258': 3.3066741911874926e-06, '299357271': 0.0, '3442299555': 0.0, '3289180086': 0.0, '887588053': 0.0, '66515141': 0.0, '2708123215': 0.0, '2679788407': 0.0, '169180670': 0.0, '4825434851': 8.707575370127064e-05, '287339455': 0.0, '2447278790': 0.0, '189589854': 0.0, '15660623': 0.0, '28328991': 0.0, '391100883': 0.0, '145123997': 0.0, '3950299215': 0.0, '610303827': 0.0, '109713435': 2.204449460791662e-06, '1214768282': 0.0, '1567305901': 0.0, '2530940989': 2.204449460791662e-06, '247052966': 0.0, '137077300': 0.0, '1016694518': 0.0, '261504479': 0.0, '3068496866': 0.0, '922083786': 0.0, '43480735': 0.0, '36537201': 0.0, '392358555': 0.0, '161593071': 0.0, '25048747': 0.0, '3289482160': 0.0, '23158778': 0.0, '573089150': 0.0, '2793357232': 0.0, '3849251555': 0.0, '107910899': 2.204449460791662e-06, '1286190186': 0.0, '248285666': 0.0, '3071996243': 0.0, '365418781': 0.0, '145987317': 0.0, '75576152': 0.0, '784833672': 0.0, '562518749': 0.0, '705177101947670528': 0.0, '4871086067': 0.0, '872207809': 0.0, '756213260': 0.0, '25217504': 0.0, '3431958999': 0.0, '1659513354': 0.0, '222783788': 0.0, '2980623473': 0.0, '142724977': 0.0, '712277662794977282': 0.0, '163979797': 0.0, '921343537': 0.0, '528664312': 4.408898921583324e-06, '706676329752690688': 0.0, '3377579601': 0.0, '66638174': 0.0, '3921641381': 0.0, '3588034336': 0.0, '3882219915': 0.0, '17758367': 0.0, '232187807': 0.0, '768588614': 0.0, '707303729': 0.0, '1628341729': 0.0, '622624515': 0.0, '233661066': 0.0, '4855651220': 1.9840045147124957e-05, '4306263074': 0.0, '239025975': 0.0, '19182456': 0.0, '595695630': 4.408898921583324e-06, '206264653': 0.0, '2560148358': 3.3066741911874926e-06, '223337292': 0.0, '38955690': 0.0, '172141399': 0.0, '376356425': 0.0, '834295748': 0.0, '39098038': 0.0, '206350430': 0.0, '24592225': 0.0, '204190085': 0.0, '705209400089153536': 0.0, '928725240': 2.204449460791662e-06, '1317689665': 0.0, '62353819': 0.0, '2507917171': 0.0, '2337737527': 0.0, '57553466': 0.0, '431171274': 7.384905693652067e-05, '2722607033': 0.0, '584452533': 0.0, '3044025791': 0.0, '883145995': 0.0, '470835632': 0.0, '339928495': 0.0, '29263302': 0.0, '2975827650': 2.204449460791662e-06, '352620649': 0.0, '509656493': 0.0, '1481361709': 0.0, '2863178876': 0.0, '472214892': 0.0, '930886844': 0.0, '174854928': 0.0, '2314584463': 0.0, '276486392': 0.0, '55898879': 0.0, '563300309': 0.0, '3531402618': 2.204449460791662e-06, '70440545': 0.0, '1363196060': 0.0, '2506128288': 0.0, '381893073': 0.0, '2732617873': 0.0, '711707505806540804': 0.0, '1726184346': 0.0, '104652911': 0.0, '2708162624': 0.0, '377815645': 0.0, '3616206257': 2.204449460791662e-06, '167244098': 0.0, '23019740': 0.0, '14566477': 0.0, '164929333': 0.0, '168862215': 0.0, '4918995260': 0.0, '4657766598': 0.0, '2339626980': 0.0, '2902230542': 4.408898921583324e-06, '336353304': 0.0, '258515525': 2.204449460791662e-06, '298788849': 0.0, '754306692': 0.0, '2299774374': 0.0, '200405440': 3.3066741911874926e-06, '410477474': 0.0, '17870850': 0.0, '2602477218': 0.0, '703269139624792064': 0.0, '1729811449': 3.3066741911874926e-06, '173315578': 0.0, '4704435978': 0.0, '66284799': 0.0, '259547490': 0.0, '1511023807': 0.0, '1411289089': 0.0, '887899202': 0.0, '1188273067': 0.0, '984279223': 0.0, '1071999206': 0.0, '622650273': 0.0, '557930238': 0.0, '739152133': 0.0, '1117869398': 0.0, '820464756': 0.0, '624315538': 0.0, '1532723383': 0.0, '54939210': 2.204449460791662e-06, '753357343': 0.0, '276629808': 2.204449460791662e-06, '1869357140': 0.0, '130020331': 0.0, '1656378776': 0.0, '759878184': 0.0, '4332870318': 0.0, '339070345': 0.0, '3016057843': 0.0, '2310977114': 0.0, '140985152': 0.0, '2324845465': 0.0, '61565473': 0.0, '1527000368': 0.0, '305979308': 0.0, '3322929216': 0.0, '612019897': 0.0, '541791230': 0.0, '3540246797': 0.0, '255627783': 0.0, '20939926': 0.0, '2997891690': 0.0, '420606521': 0.0, '14127715': 0.0, '153057669': 0.0, '224078362': 0.0, '1022368850': 0.0, '3068389800': 0.0, '378338188': 0.0, '2923277864': 0.0, '47535523': 0.0, '963732806': 0.0, '748761618': 0.0, '3760628605': 0.0, '2381542273': 0.0, '2666615140': 0.0, '19673236': 0.0, '818238626': 0.0, '1315458926': 2.204449460791662e-06, '1232814608': 0.0, '130675562': 0.0, '345894993': 0.0, '4790792829': 0.0, '426934697': 0.0, '271012347': 1.4328921495145801e-05, '2432849131': 0.0, '466782271': 0.0, '2545623782': 0.0, '993641454': 0.0, '31910137': 0.0, '712285398982991873': 0.0, '1000713967': 0.0, '2262188899': 2.204449460791662e-06, '2847258766': 0.0, '397043501': 0.0, '250870107': 0.0, '928481190': 2.204449460791662e-06, '130681154': 0.0, '292300880': 0.0, '462502052': 0.0, '237970276': 0.0, '2799041154': 0.0, '135893711': 2.204449460791662e-06, '469987393': 0.0, '4294117156': 0.0, '1964251712': 0.0, '76687969': 0.0, '2976135086': 0.0, '383964928': 0.0, '1120611': 2.204449460791662e-06, '434235886': 0.0, '626170599': 0.0, '469826651': 0.0, '62051418': 0.0, '1449967482': 0.0, '49406440': 0.0, '2287722090': 0.0, '187552705': 0.0, '824805181': 0.0, '503794853': 0.0, '47698395': 0.0, '4635734316': 0.0, '2165798152': 0.0, '22897182': 0.0, '154342251': 0.0, '135573905': 0.0, '3677831609': 0.0, '433434680': 0.0, '346046202': 0.0, '1657350716': 0.0, '881297768': 0.0, '476158358': 0.0, '3146024218': 0.0, '3039024478': 0.0, '1112486646': 0.0, '33128647': 0.0, '715445893810368512': 0.0, '2838783873': 0.0, '103189326': 0.0, '366190447': 0.0, '78043007': 0.0, '713638171116978176': 0.0, '361651169': 0.0, '183716708': 0.0, '709854549171896320': 0.0, '427512779': 0.0, '68788010': 0.0, '26308495': 0.0, '65192826': 0.0, '2894468475': 0.0, '27306551': 0.0, '276728673': 0.0, '295366328': 0.0, '15235281': 0.0, '48221064': 0.0, '159153840': 0.0, '393746427': 4.408898921583324e-06, '57733588': 0.0, '2537295179': 3.3066741911874926e-06, '408590976': 0.0, '2793119087': 0.0, '3403970817': 0.0, '22179555': 2.204449460791662e-06, '2352300690': 0.0, '2889302716': 0.0, '126206139': 0.0, '45241449': 0.0, '2946855463': 0.0, '106437496': 0.0, '331273950': 0.0, '3017969120': 0.0, '1398320540': 0.0, '2608961035': 0.0, '97194047': 0.0, '596026225': 0.0, '1963700282': 0.0, '368947633': 0.0, '4342599443': 0.0, '4851540819': 0.0, '1954604594': 0.0, '240000723': 0.0, '1848268830': 0.0, '27661929': 0.0, '203765012': 0.0, '824328062': 2.204449460791662e-06, '21270878': 0.0, '1234898832': 0.0, '78153042': 0.0, '21276198': 0.0, '3063489658': 0.0, '3253561121': 0.0, '2647553718': 0.0, '704058954901356544': 0.0, '2496377724': 0.0, '293914017': 2.204449460791662e-06, '2681193721': 0.0, '3409209845': 0.0, '166668718': 0.0, '331489082': 0.0, '2491852562': 0.0, '572135014': 0.0, '25090421': 0.0, '3684467352': 0.0, '701808166917554176': 0.0, '4027810095': 0.0, '189628246': 0.0, '28012012': 0.0, '3054581519': 0.0, '2530943187': 0.0, '17587705': 0.0, '2329321704': 0.0, '2204976893': 0.0, '97744495': 0.0, '627413459': 0.0, '240870634': 0.0, '3064897839': 0.0, '409731584': 0.0, '3233197891': 0.0, '3411998548': 0.0, '2239795855': 0.0, '1442248950': 0.0, '18773626': 0.0, '165073959': 0.0, '1918976288': 0.0, '709145128829456384': 0.0, '449401794': 0.0, '17372783': 0.0, '1363580378': 1.5431146225541632e-05, '2443265293': 0.0, '29417304': 0.00012785806872591638, '147441534': 0.0, '922132999': 0.0, '371606891': 0.0, '116518986': 0.0, '3051225274': 2.204449460791662e-06, '2918948183': 0.0, '2983084240': 0.0, '2728099270': 0.0, '716366995999039488': 0.0, '55980965': 0.0, '91217206': 0.0, '255153823': 0.0, '83595613': 0.0, '39930604': 0.0, '2587158315': 0.0, '39182771': 0.0, '2272099226': 0.0, '634983249': 0.0, '364039137': 0.0, '214688348': 0.0, '2177003580': 0.0, '444149481': 0.0, '2723724741': 0.0, '578044067': 0.0, '707755715264274437': 0.0, '3226823395': 0.0, '60647044': 0.0, '2949083782': 0.0, '30986701': 0.0, '408274521': 0.0, '931348670': 0.0, '2508995208': 0.0, '406226978': 0.0, '105549387': 0.0, '29523359': 0.0, '612487221': 0.0, '1546365578': 0.0, '4039714994': 0.0, '82712110': 0.0, '1648644518': 0.0, '1222984890': 0.0, '319576745': 0.0, '1392989358': 0.0, '514109492': 0.0, '2707322653': 0.0, '383899547': 0.0, '314824676': 0.0, '708260952': 0.0, '15437616': 0.0, '39503398': 0.0, '2760687891': 0.0, '1275694352': 0.0, '32888783': 4.188453975504157e-05, '3223771238': 0.0, '1126605247': 0.0, '1447267922': 0.0, '1252702284': 0.0, '19810894': 0.0, '601704917': 0.0, '511418873': 0.0, '715270267715457024': 0.0, '384568027': 0.0}
closeness_centrality: {'ROOT': 0.0, '2836421': 0.001049317943336831, '257010814': 0.0013990905911157748, '36924858': 0.0013990905911157748, '1673199080': 0.0013990905911157748, '238872700': 0.0013990905911157748, '337301427': 0.0013990905911157748, '701562661': 0.0013990905911157748, '707272449650507777': 0.0013990905911157748, '276991521': 0.0013990905911157748, '2290499798': 0.00403267288027488, '3261732539': 0.0013990905911157748, '2465332926': 0.0013990905911157748, '4851729209': 0.0013990905911157748, '9832752': 0.0013990905911157748, '907376150': 0.00236096537250787, '61639680': 0.0013990905911157748, '91180720': 0.0013990905911157748, '6296522': 0.0013990905911157748, '2171640414': 0.0013990905911157748, '98431120': 0.0013990905911157748, '408929779': 0.0013990905911157748, '4793866692': 0.0013990905911157748, '3057231835': 0.0013990905911157748, '941621': 0.0013990905911157748, '16425258': 0.0015739769150052466, '4517852294': 0.0013990905911157748, '391829684': 0.0015739769150052466, '3429821031': 0.00236096537250787, '462906157': 0.0015739769150052466, '93849147': 0.0013990905911157748, '2300529367': 0.0013990905911157748, '2251484588': 0.0013990905911157748, '704525524794793985': 0.0013990905911157748, '3062155297': 0.0013990905911157748, '3390015394': 0.0015739769150052466, '65837294': 0.0013990905911157748, '36707014': 0.0015739769150052466, '5870242': 0.0013990905911157748, '4636869615': 0.0013990905911157748, '45945763': 0.0013990905911157748, '56062177': 0.0013990905911157748, '26122300': 0.0015739769150052466, '486846321': 0.0013990905911157748, '28387347': 0.0013990905911157748, '3319269589': 0.0013990905911157748, '3197999640': 0.0013990905911157748, '71388055': 0.0013990905911157748, '47376165': 0.0013990905911157748, '19294085': 0.0013990905911157748, '14782782': 0.0013990905911157748, '373458548': 0.0013990905911157748, '1706584934': 0.0015739769150052466, '2587938266': 0.0015739769150052466, '16363654': 0.0015739769150052466, '24200419': 0.0015739769150052466, '18122583': 0.0013990905911157748, '138152192': 0.0015739769150052466, '102366863': 0.0013990905911157748, '23829241': 0.0015739769150052466, '8036372': 0.0013990905911157748, '17297166': 0.0013990905911157748, '864742626': 0.0013990905911157748, '403520891': 0.0013990905911157748, '290187508': 0.0013990905911157748, '2202961048': 0.004782937602186486, '2952826183': 0.0013990905911157748, '16408516': 0.0013990905911157748, '1861413494': 0.0015739769150052466, '14861684': 0.0013990905911157748, '18697592': 0.0013990905911157748, '608424758': 0.0013990905911157748, '190739255': 0.0015739769150052466, '14868169': 0.0015739769150052466, '611490036': 0.0013990905911157748, '15663023': 0.0013990905911157748, '201358661': 0.0013990905911157748, '345594964': 0.0013990905911157748, '21443029': 0.0013990905911157748, '399544189': 0.0013990905911157748, '2245080337': 0.0013990905911157748, '4922276899': 0.0013990905911157748, '4643954776': 0.0015739769150052466, '2988501189': 0.0013990905911157748, '16668713': 0.0013990905911157748, '374108016': 0.0013990905911157748, '276042643': 0.0013990905911157748, '256677376': 0.0013990905911157748, '457769462': 0.0013990905911157748, '1547493644': 0.0013990905911157748, '712831124813185024': 0.0013990905911157748, '55388358': 0.0015739769150052466, '597130654': 0.0013990905911157748, '2349122833': 0.0013990905911157748, '12575462': 0.0013990905911157748, '25055134': 0.0013990905911157748, '47816528': 0.0013990905911157748, '57024288': 0.0013990905911157748, '4268195735': 0.0013990905911157748, '3298504008': 0.0015739769150052466, '969065054': 0.0015739769150052466, '203718360': 0.0013990905911157748, '274263703': 0.0013990905911157748, '59918615': 0.006634397319161899, '622503410': 0.00236096537250787, '919668458': 0.0013990905911157748, '205393192': 0.0013990905911157748, '432121898': 0.0013990905911157748, '2744902125': 0.0013990905911157748, '1525411730': 0.0013990905911157748, '198988906': 0.0013990905911157748, '352007100': 0.0013990905911157748, '2392022033': 0.0015739769150052466, '347597562': 0.0015739769150052466, '208635354': 0.0013990905911157748, '3234219104': 0.0015739769150052466, '1280828449': 0.0013990905911157748, '268589776': 0.0013990905911157748, '2948725589': 0.0013990905911157748, '701442179655401472': 0.0013990905911157748, '1447048957': 0.0013990905911157748, '259950314': 0.0013990905911157748, '2274788701': 0.0015739769150052466, '144798793': 0.0013990905911157748, '423699004': 0.0013990905911157748, '251757284': 0.0013990905911157748, '54691816': 0.0015739769150052466, '475768360': 0.0013990905911157748, '3166800085': 0.0013990905911157748, '300612784': 0.0013990905911157748, '233903699': 0.0015739769150052466, '20958510': 0.0013990905911157748, '1700786419': 0.0013990905911157748, '1901928318': 0.0013990905911157748, '16940343': 0.0013990905911157748, '15656040': 0.0015739769150052466, '49443940': 0.0013990905911157748, '28696635': 0.0013990905911157748, '35904361': 0.0013990905911157748, '3067226717': 0.0015739769150052466, '319337461': 0.0015739769150052466, '369122241': 0.0013990905911157748, '67958182': 0.0013990905911157748, '8839632': 0.0013990905911157748, '3047343780': 0.0013990905911157748, '505064522': 0.0015739769150052466, '2284514707': 0.0013990905911157748, '20097362': 0.0013990905911157748, '253723827': 0.0015739769150052466, '2937467927': 0.0013990905911157748, '525976011': 0.0015739769150052466, '86620549': 0.0013990905911157748, '48474625': 0.0015739769150052466, '165273433': 0.0015739769150052466, '1566030626': 0.00236096537250787, '38877373': 0.0013990905911157748, '714721235': 0.0013990905911157748, '1452668023': 0.0013990905911157748, '3302667486': 0.0013990905911157748, '624322727': 0.0013990905911157748, '716545648': 0.0013990905911157748, '30032054': 0.0015739769150052466, '44491013': 0.0013990905911157748, '2467960591': 0.0013990905911157748, '4085496618': 0.0015739769150052466, '81967097': 0.0013990905911157748, '15443718': 0.0015739769150052466, '233090776': 0.0015739769150052466, '246625559': 0.0013990905911157748, '3006726285': 0.0013990905911157748, '153619868': 0.0013990905911157748, '2810309853': 0.0016789087093389298, '894271968': 0.0015739769150052466, '17045166': 0.0013990905911157748, '1337948898': 0.0013990905911157748, '270994500': 0.0013990905911157748, '2893534115': 0.0013990905911157748, '11856892': 0.0013990905911157748, '16395049': 0.0015739769150052466, '31342918': 0.0013990905911157748, '397635716': 0.0015739769150052466, '358963832': 0.0013990905911157748, '181012765': 0.0013990905911157748, '449403063': 0.0015739769150052466, '2779304305': 0.0013990905911157748, '25036190': 0.0013990905911157748, '129019003': 0.0015739769150052466, '92218090': 0.0015739769150052466, '3161167299': 0.0013990905911157748, '2251231819': 0.0013990905911157748, '1471056036': 0.0015739769150052466, '3428180986': 0.0013990905911157748, '21342372': 0.0013990905911157748, '3788757797': 0.0013990905911157748, '27200600': 0.0013990905911157748, '14213905': 0.0013990905911157748, '705849931760738304': 0.0013990905911157748, '312195609': 0.0013990905911157748, '215318147': 0.0013990905911157748, '1548802771': 0.0015739769150052466, '1258151748': 0.0013990905911157748, '844863470': 0.0013990905911157748, '389758112': 0.0013990905911157748, '127104216': 0.0015739769150052466, '1106883991': 0.0013990905911157748, '318622408': 0.0015739769150052466, '155769250': 0.0013990905911157748, '2547111272': 0.0013990905911157748, '2611622852': 0.0013990905911157748, '210774132': 0.0013990905911157748, '258066464': 0.0013990905911157748, '3038412270': 0.0013990905911157748, '586853452': 0.0013990905911157748, '1586804930': 0.0015739769150052466, '2547790158': 0.0013990905911157748, '1851981464': 0.0015739769150052466, '41820675': 0.0013990905911157748, '421838705': 0.0013990905911157748, '123045703': 0.0013990905911157748, '1041450271': 0.0013990905911157748, '2719008527': 0.0013990905911157748, '33986330': 0.0013990905911157748, '2516460061': 0.0013990905911157748, '2353974979': 0.0013990905911157748, '302095194': 0.0013990905911157748, '3303928840': 0.0013990905911157748, '21966210': 0.0013990905911157748, '2389738746': 0.0013990905911157748, '1359042271': 0.0013990905911157748, '129040214': 0.0015739769150052466, '205360912': 0.0015739769150052466, '19358022': 0.0013990905911157748, '15010239': 0.0013990905911157748, '399568113': 0.0013990905911157748, '43993601': 0.0015739769150052466, '198108535': 0.0013990905911157748, '293104735': 0.0015739769150052466, '492104162': 0.0015739769150052466, '117963649': 0.0015739769150052466, '122407029': 0.0015739769150052466, '199636296': 0.0013990905911157748, '3108391171': 0.0013990905911157748, '2524003372': 0.0013990905911157748, '3247090801': 0.0013990905911157748, '18286742': 0.0013990905911157748, '230209839': 0.0015739769150052466, '3221794099': 0.0013990905911157748, '1142734430': 0.0013990905911157748, '75164667': 0.0013990905911157748, '9231742': 0.0013990905911157748, '242454333': 0.0013990905911157748, '3076092337': 0.0013990905911157748, '15597138': 0.0013990905911157748, '1352231142': 0.0015739769150052466, '2954915265': 0.0013990905911157748, '251000014': 0.0013990905911157748, '2534146453': 0.0013990905911157748, '2923084839': 0.0015739769150052466, '366435041': 0.004372158097236796, '14563376': 0.0013990905911157748, '64693044': 0.0015739769150052466, '459872245': 0.0013990905911157748, '35672684': 0.0015739769150052466, '205594654': 0.0033578174186778597, '201615084': 0.0013990905911157748, '415280138': 0.0013990905911157748, '168518554': 0.0015739769150052466, '173475163': 0.0015739769150052466, '3866369175': 0.0013990905911157748, '1965612534': 0.0013990905911157748, '25608603': 0.0015739769150052466, '188150556': 0.0015739769150052466, '385735466': 0.0013990905911157748, '39576271': 0.0013990905911157748, '44397881': 0.0013990905911157748, '3165039123': 0.0013990905911157748, '860622343': 0.0015739769150052466, '4842567851': 0.0015739769150052466, '5407582': 0.0015739769150052466, '599180436': 0.0016789087093389298, '3120227844': 0.0013990905911157748, '344140315': 0.0015739769150052466, '2532880557': 0.0013990905911157748, '234805056': 0.0013990905911157748, '15697364': 0.0013990905911157748, '503988740': 0.0015739769150052466, '564771725': 0.0015739769150052466, '34821949': 0.0015739769150052466, '107171621': 0.0013990905911157748, '715258624092741632': 0.0013990905911157748, '42046241': 0.0013990905911157748, '408913965': 0.0013990905911157748, '3532804813': 0.0013990905911157748, '319777415': 0.0013990905911157748, '2497286180': 0.0013990905911157748, '66246463': 0.0017488632388947183, '23593199': 0.0013990905911157748, '713084385537429509': 0.0013990905911157748, '129526938': 0.0013990905911157748, '838627057': 0.0013990905911157748, '301761038': 0.0013990905911157748, '195606183': 0.0015739769150052466, '15555396': 0.0013990905911157748, '464638841': 0.0015739769150052466, '474917204': 0.0015739769150052466, '264451340': 0.0013990905911157748, '17013060': 0.0013990905911157748, '18763425': 0.0013990905911157748, '43649549': 0.0013990905911157748, '21934966': 0.0015739769150052466, '985490888': 0.0015739769150052466, '444374745': 0.0013990905911157748, '42332041': 0.0015739769150052466, '29446293': 0.0013990905911157748, '327622609': 0.0013990905911157748, '495430249': 0.0013990905911157748, '174640271': 0.0013990905911157748, '433407309': 0.002098635886673662, '309584968': 0.0015739769150052466, '16855833': 0.0015739769150052466, '19088288': 0.0013990905911157748, '19989007': 0.0015739769150052466, '2556020646': 0.0013990905911157748, '2362612680': 0.0013990905911157748, '127833459': 0.0016789087093389298, '860530914': 0.0013990905911157748, '4860032534': 0.0051325334184953685, '1202293238': 0.0013990905911157748, '62697914': 0.0013990905911157748, '408132102': 0.0013990905911157748, '1571925390': 0.0013990905911157748, '23677379': 0.0015739769150052466, '560732738': 0.0013990905911157748, '83717415': 0.0013990905911157748, '330106627': 0.0015739769150052466, '46150634': 0.0015739769150052466, '147448124': 0.0013990905911157748, '18712328': 0.0013990905911157748, '17354054': 0.0013990905911157748, '486515301': 0.0013990905911157748, '478387478': 0.0013990905911157748, '1605055873': 0.0013990905911157748, '731051768': 0.0013990905911157748, '4760716910': 0.0013990905911157748, '383014934': 0.0015739769150052466, '23831872': 0.0015739769150052466, '3592477283': 0.0013990905911157748, '205741849': 0.0015739769150052466, '283193951': 0.0015739769150052466, '4229502498': 0.0013990905911157748, '370222416': 0.0015739769150052466, '4217838444': 0.0013990905911157748, '3947091915': 0.0015739769150052466, '618382649': 0.0015739769150052466, '21727907': 0.0013990905911157748, '711855310': 0.0015739769150052466, '244606656': 0.0013990905911157748, '4922746738': 0.0013990905911157748, '382369955': 0.0015739769150052466, '274253919': 0.0013990905911157748, '2337806258': 0.0013990905911157748, '193983541': 0.0015739769150052466, '213371710': 0.0013990905911157748, '3762301453': 0.0013990905911157748, '24122011': 0.0013990905911157748, '73409036': 0.0013990905911157748, '277836658': 0.0013990905911157748, '2148924911': 0.0013990905911157748, '102880885': 0.0013990905911157748, '47750502': 0.0013990905911157748, '2177169055': 0.0013990905911157748, '1634182406': 0.0015739769150052466, '313214869': 0.0013990905911157748, '1862629969': 0.0013990905911157748, '192693061': 0.0013990905911157748, '2408088689': 0.0013990905911157748, '46980135': 0.0015739769150052466, '612192977': 0.0013990905911157748, '1214779117': 0.0013990905911157748, '2350549862': 0.0015739769150052466, '4597920619': 0.0015739769150052466, '403090571': 0.0013990905911157748, '1433785249': 0.00236096537250787, '415920039': 0.0013990905911157748, '1852632042': 0.0013990905911157748, '1140456349': 0.0013990905911157748, '523871901': 0.0013990905911157748, '1290142435': 0.0013990905911157748, '489970729': 0.0013990905911157748, '787852411': 0.0015739769150052466, '1659205380': 0.0013990905911157748, '4375101': 0.0013990905911157748, '697407543446999040': 0.0013990905911157748, '1979650400': 0.0013990905911157748, '59897177': 0.0013990905911157748, '239964758': 0.0015739769150052466, '21985566': 0.00236096537250787, '4320168139': 0.00856942987058412, '1069741909': 0.0013990905911157748, '32510783': 0.0015739769150052466, '14186393': 0.0013990905911157748, '2413335613': 0.0015739769150052466, '978594872': 0.0015739769150052466, '17030149': 0.0013990905911157748, '2970365920': 0.0015739769150052466, '83478009': 0.0013990905911157748, '1589254776': 0.0015739769150052466, '131287646': 0.0015739769150052466, '704060092065423361': 0.0015739769150052466, '14058842': 0.0013990905911157748, '157050986': 0.0013990905911157748, '152641743': 0.0015739769150052466, '93018758': 0.0015739769150052466, '1938738385': 0.0013990905911157748, '338142247': 0.0013990905911157748, '151000889': 0.0015739769150052466, '327720257': 0.0013990905911157748, '32517666': 0.0013990905911157748, '2166719767': 0.0016789087093389298, '336690492': 0.0013990905911157748, '25138566': 0.0013990905911157748, '120949314': 0.0013990905911157748, '26277534': 0.0013990905911157748, '4759057768': 0.0013990905911157748, '3238535246': 0.0013990905911157748, '75029631': 0.0013990905911157748, '382268135': 0.0027981811822315496, '2357584858': 0.0013990905911157748, '178595022': 0.0013990905911157748, '243112721': 0.0013990905911157748, '23773209': 0.0013990905911157748, '98627912': 0.0013990905911157748, '137111464': 0.0013990905911157748, '21619958': 0.0013990905911157748, '246082925': 0.0026232948583420775, '3023842258': 0.0013990905911157748, '22844639': 0.0013990905911157748, '303225037': 0.0013990905911157748, '2240405522': 0.0015739769150052466, '107809743': 0.0013990905911157748, '2586324829': 0.0026232948583420775, '486191911': 0.002098635886673662, '2305136294': 0.0013990905911157748, '254357006': 0.0013990905911157748, '261015924': 0.0013990905911157748, '28494414': 0.0013990905911157748, '34383891': 0.0013990905911157748, '1922065608': 0.0016789087093389298, '2963393272': 0.0017488632388947183, '282408548': 0.0015739769150052466, '21920108': 0.0013990905911157748, '2769102035': 0.0013990905911157748, '1926571112': 0.0015739769150052466, '2551165590': 0.0015739769150052466, '789430788': 0.00236096537250787, '36230769': 0.0013990905911157748, '494455001': 0.0013990905911157748, '3069279631': 0.0013990905911157748, '164402684': 0.0015739769150052466, '2587768189': 0.0013990905911157748, '583388243': 0.001798830760005996, '2795988827': 0.0013990905911157748, '161511153': 0.0015739769150052466, '22700291': 0.0013990905911157748, '225977109': 0.0015739769150052466, '876589850': 0.0015739769150052466, '1099358820': 0.0013990905911157748, '2240839609': 0.0013990905911157748, '627736044': 0.0013990905911157748, '713482341050519552': 0.0013990905911157748, '57340918': 0.0015739769150052466, '711349816110895104': 0.0013990905911157748, '2427778873': 0.0015739769150052466, '266129829': 0.0015739769150052466, '1030411644': 0.0013990905911157748, '1876660194': 0.0013990905911157748, '31472859': 0.0015739769150052466, '1713821534': 0.0013990905911157748, '18121304': 0.0013990905911157748, '977508319': 0.0016789087093389298, '19658819': 0.0013990905911157748, '2503148816': 0.0013990905911157748, '36085722': 0.0015739769150052466, '109402059': 0.0013990905911157748, '1697751708': 0.0015739769150052466, '3325037504': 0.0013990905911157748, '1686369542': 0.0013990905911157748, '307436940': 0.00604900932041232, '67052442': 0.0013990905911157748, '1212020275': 0.0013990905911157748, '66739464': 0.00236096537250787, '261918215': 0.0013990905911157748, '59296107': 0.0013990905911157748, '150653567': 0.0015739769150052466, '266775348': 0.0013990905911157748, '1581175764': 0.0013990905911157748, '2281325131': 0.0013990905911157748, '3382902853': 0.0013990905911157748, '533724755': 0.0013990905911157748, '31927729': 0.0013990905911157748, '236964229': 0.0013990905911157748, '447065881': 0.0013990905911157748, '1107852319': 0.0013990905911157748, '926350166': 0.0013990905911157748, '321162698': 0.0013990905911157748, '1487973619': 0.0013990905911157748, '580268082': 0.0013990905911157748, '27462402': 0.0013990905911157748, '17780809': 0.0013990905911157748, '244702875': 0.0013990905911157748, '185875434': 0.0015739769150052466, '27319764': 0.0013990905911157748, '394320423': 0.0013990905911157748, '28359846': 0.0013990905911157748, '703327909319200768': 0.006053757365404794, '291455384': 0.0013990905911157748, '239292735': 0.0013990905911157748, '96636859': 0.0013990905911157748, '375187909': 0.0013990905911157748, '2857917076': 0.0016789087093389298, '465363346': 0.0013990905911157748, '64178914': 0.0013990905911157748, '2615872921': 0.0015739769150052466, '501173464': 0.0013990905911157748, '92964933': 0.0015739769150052466, '2350019812': 0.0013990905911157748, '2330151651': 0.0015739769150052466, '2363075347': 0.00236096537250787, '2997525516': 0.0016789087093389298, '500154514': 0.0013990905911157748, '1152518666': 0.0013990905911157748, '266771066': 0.0013990905911157748, '28993948': 0.0015739769150052466, '176941218': 0.0013990905911157748, '311637258': 0.0015739769150052466, '299357271': 0.0013990905911157748, '3442299555': 0.0013990905911157748, '3289180086': 0.0015739769150052466, '887588053': 0.0013990905911157748, '66515141': 0.0016789087093389298, '2708123215': 0.0013990905911157748, '2679788407': 0.0015739769150052466, '169180670': 0.0013990905911157748, '4825434851': 0.005141657922350472, '287339455': 0.0013990905911157748, '2447278790': 0.0013990905911157748, '189589854': 0.0015739769150052466, '15660623': 0.0015739769150052466, '28328991': 0.0013990905911157748, '391100883': 0.0013990905911157748, '145123997': 0.0013990905911157748, '3950299215': 0.0013990905911157748, '610303827': 0.0015739769150052466, '109713435': 0.0013990905911157748, '1214768282': 0.0013990905911157748, '1567305901': 0.0013990905911157748, '2530940989': 0.0013990905911157748, '247052966': 0.0013990905911157748, '137077300': 0.0013990905911157748, '1016694518': 0.0015739769150052466, '261504479': 0.0013990905911157748, '3068496866': 0.0015739769150052466, '922083786': 0.0013990905911157748, '43480735': 0.0013990905911157748, '36537201': 0.0013990905911157748, '392358555': 0.0013990905911157748, '161593071': 0.0013990905911157748, '25048747': 0.0013990905911157748, '3289482160': 0.0036890083945435464, '23158778': 0.0013990905911157748, '573089150': 0.0013990905911157748, '2793357232': 0.0015739769150052466, '3849251555': 0.0015739769150052466, '107910899': 0.0013990905911157748, '1286190186': 0.0015739769150052466, '248285666': 0.0013990905911157748, '3071996243': 0.0013990905911157748, '365418781': 0.0013990905911157748, '145987317': 0.0015739769150052466, '75576152': 0.0013990905911157748, '784833672': 0.0013990905911157748, '562518749': 0.0013990905911157748, '705177101947670528': 0.0013990905911157748, '4871086067': 0.0013990905911157748, '872207809': 0.0013990905911157748, '756213260': 0.0013990905911157748, '25217504': 0.0013990905911157748, '3431958999': 0.0013990905911157748, '1659513354': 0.0013990905911157748, '222783788': 0.0013990905911157748, '2980623473': 0.0013990905911157748, '142724977': 0.0015739769150052466, '712277662794977282': 0.0013990905911157748, '163979797': 0.0013990905911157748, '921343537': 0.0013990905911157748, '528664312': 0.0013990905911157748, '706676329752690688': 0.0013990905911157748, '3377579601': 0.0013990905911157748, '66638174': 0.0013990905911157748, '3921641381': 0.0013990905911157748, '3588034336': 0.0013990905911157748, '3882219915': 0.0015739769150052466, '17758367': 0.0013990905911157748, '232187807': 0.0015739769150052466, '768588614': 0.0013990905911157748, '707303729': 0.0015739769150052466, '1628341729': 0.0013990905911157748, '622624515': 0.0013990905911157748, '233661066': 0.0013990905911157748, '4855651220': 0.008292171064417885, '4306263074': 0.006313396292409934, '239025975': 0.0013990905911157748, '19182456': 0.0013990905911157748, '595695630': 0.0013990905911157748, '206264653': 0.0015739769150052466, '2560148358': 0.0015739769150052466, '223337292': 0.0015739769150052466, '38955690': 0.0015739769150052466, '172141399': 0.0013990905911157748, '376356425': 0.0013990905911157748, '834295748': 0.0013990905911157748, '39098038': 0.0013990905911157748, '206350430': 0.0013990905911157748, '24592225': 0.0013990905911157748, '204190085': 0.0013990905911157748, '705209400089153536': 0.0016789087093389298, '928725240': 0.0013990905911157748, '1317689665': 0.0013990905911157748, '62353819': 0.0013990905911157748, '2507917171': 0.0013990905911157748, '2337737527': 0.0013990905911157748, '57553466': 0.0013990905911157748, '431171274': 0.0062323126331520875, '2722607033': 0.0015739769150052466, '584452533': 0.002098635886673662, '3044025791': 0.0013990905911157748, '883145995': 0.0013990905911157748, '470835632': 0.0013990905911157748, '339928495': 0.0013990905911157748, '29263302': 0.0013990905911157748, '2975827650': 0.0013990905911157748, '352620649': 0.0013990905911157748, '509656493': 0.0013990905911157748, '1481361709': 0.0013990905911157748, '2863178876': 0.0013990905911157748, '472214892': 0.0013990905911157748, '930886844': 0.0015739769150052466, '174854928': 0.0013990905911157748, '2314584463': 0.0013990905911157748, '276486392': 0.0013990905911157748, '55898879': 0.0013990905911157748, '563300309': 0.0013990905911157748, '3531402618': 0.0013990905911157748, '70440545': 0.0013990905911157748, '1363196060': 0.0013990905911157748, '2506128288': 0.0013990905911157748, '381893073': 0.0036726128016789086, '2732617873': 0.0013990905911157748, '711707505806540804': 0.0015739769150052466, '1726184346': 0.0015739769150052466, '104652911': 0.0015739769150052466, '2708162624': 0.0013990905911157748, '377815645': 0.0013990905911157748, '3616206257': 0.0013990905911157748, '167244098': 0.0013990905911157748, '23019740': 0.0013990905911157748, '14566477': 0.0013990905911157748, '164929333': 0.0015739769150052466, '168862215': 0.0013990905911157748, '4918995260': 0.0015739769150052466, '4657766598': 0.0013990905911157748, '2339626980': 0.0013990905911157748, '2902230542': 0.0013990905911157748, '336353304': 0.0013990905911157748, '258515525': 0.0013990905911157748, '298788849': 0.0013990905911157748, '754306692': 0.0013990905911157748, '2299774374': 0.0015739769150052466, '200405440': 0.0015739769150052466, '410477474': 0.0013990905911157748, '17870850': 0.0013990905911157748, '2602477218': 0.0013990905911157748, '703269139624792064': 0.0013990905911157748, '1729811449': 0.004249737670514166, '173315578': 0.0015739769150052466, '4704435978': 0.0013990905911157748, '66284799': 0.0016789087093389298, '259547490': 0.0013990905911157748, '1511023807': 0.0013990905911157748, '1411289089': 0.0013990905911157748, '887899202': 0.0017488632388947183, '1188273067': 0.0013990905911157748, '984279223': 0.0013990905911157748, '1071999206': 0.0013990905911157748, '622650273': 0.0013990905911157748, '557930238': 0.0013990905911157748, '739152133': 0.0015739769150052466, '1117869398': 0.0013990905911157748, '820464756': 0.0015739769150052466, '624315538': 0.0031479538300104933, '1532723383': 0.0013990905911157748, '54939210': 0.0013990905911157748, '753357343': 0.0015739769150052466, '276629808': 0.0013990905911157748, '1869357140': 0.0015739769150052466, '130020331': 0.0015739769150052466, '1656378776': 0.0013990905911157748, '759878184': 0.0015739769150052466, '4332870318': 0.0013990905911157748, '339070345': 0.0013990905911157748, '3016057843': 0.0013990905911157748, '2310977114': 0.0015739769150052466, '140985152': 0.0013990905911157748, '2324845465': 0.0013990905911157748, '61565473': 0.0013990905911157748, '1527000368': 0.0013990905911157748, '305979308': 0.0013990905911157748, '3322929216': 0.0013990905911157748, '612019897': 0.0013990905911157748, '541791230': 0.0015739769150052466, '3540246797': 0.0013990905911157748, '255627783': 0.0013990905911157748, '20939926': 0.0013990905911157748, '2997891690': 0.0013990905911157748, '420606521': 0.0013990905911157748, '14127715': 0.0013990905911157748, '153057669': 0.0015739769150052466, '224078362': 0.0013990905911157748, '1022368850': 0.0013990905911157748, '3068389800': 0.0013990905911157748, '378338188': 0.0013990905911157748, '2923277864': 0.0013990905911157748, '47535523': 0.0013990905911157748, '963732806': 0.0013990905911157748, '748761618': 0.0013990905911157748, '3760628605': 0.0013990905911157748, '2381542273': 0.0015739769150052466, '2666615140': 0.0013990905911157748, '19673236': 0.0015739769150052466, '818238626': 0.0013990905911157748, '1315458926': 0.0013990905911157748, '1232814608': 0.0015739769150052466, '130675562': 0.0013990905911157748, '345894993': 0.0013990905911157748, '4790792829': 0.0013990905911157748, '426934697': 0.0013990905911157748, '271012347': 0.004788436811846947, '2432849131': 0.0013990905911157748, '466782271': 0.0013990905911157748, '2545623782': 0.0013990905911157748, '993641454': 0.0013990905911157748, '31910137': 0.0013990905911157748, '712285398982991873': 0.0013990905911157748, '1000713967': 0.0013990905911157748, '2262188899': 0.0013990905911157748, '2847258766': 0.0013990905911157748, '397043501': 0.0013990905911157748, '250870107': 0.0013990905911157748, '928481190': 0.0013990905911157748, '130681154': 0.0013990905911157748, '292300880': 0.0015739769150052466, '462502052': 0.0013990905911157748, '237970276': 0.0013990905911157748, '2799041154': 0.0013990905911157748, '135893711': 0.0013990905911157748, '469987393': 0.0015739769150052466, '4294117156': 0.0013990905911157748, '1964251712': 0.0013990905911157748, '76687969': 0.0013990905911157748, '2976135086': 0.0013990905911157748, '383964928': 0.0013990905911157748, '1120611': 0.0013990905911157748, '434235886': 0.0013990905911157748, '626170599': 0.0013990905911157748, '469826651': 0.0015739769150052466, '62051418': 0.0013990905911157748, '1449967482': 0.0013990905911157748, '49406440': 0.0013990905911157748, '2287722090': 0.0013990905911157748, '187552705': 0.006053757365404794, '824805181': 0.0013990905911157748, '503794853': 0.0015739769150052466, '47698395': 0.0013990905911157748, '4635734316': 0.0013990905911157748, '2165798152': 0.0013990905911157748, '22897182': 0.0013990905911157748, '154342251': 0.0013990905911157748, '135573905': 0.0013990905911157748, '3677831609': 0.0013990905911157748, '433434680': 0.0013990905911157748, '346046202': 0.0013990905911157748, '1657350716': 0.0013990905911157748, '881297768': 0.0013990905911157748, '476158358': 0.0013990905911157748, '3146024218': 0.0013990905911157748, '3039024478': 0.0013990905911157748, '1112486646': 0.0013990905911157748, '33128647': 0.0013990905911157748, '715445893810368512': 0.0013990905911157748, '2838783873': 0.0013990905911157748, '103189326': 0.0013990905911157748, '366190447': 0.0015739769150052466, '78043007': 0.0013990905911157748, '713638171116978176': 0.0013990905911157748, '361651169': 0.0013990905911157748, '183716708': 0.0013990905911157748, '709854549171896320': 0.0013990905911157748, '427512779': 0.0013990905911157748, '68788010': 0.0013990905911157748, '26308495': 0.0013990905911157748, '65192826': 0.0013990905911157748, '2894468475': 0.0013990905911157748, '27306551': 0.0013990905911157748, '276728673': 0.0013990905911157748, '295366328': 0.0013990905911157748, '15235281': 0.0013990905911157748, '48221064': 0.0013990905911157748, '159153840': 0.0013990905911157748, '393746427': 0.0013990905911157748, '57733588': 0.0013990905911157748, '2537295179': 0.0015739769150052466, '408590976': 0.0013990905911157748, '2793119087': 0.0016789087093389298, '3403970817': 0.0013990905911157748, '22179555': 0.0013990905911157748, '2352300690': 0.0036890083945435464, '2889302716': 0.0013990905911157748, '126206139': 0.0015739769150052466, '45241449': 0.0015739769150052466, '2946855463': 0.0013990905911157748, '106437496': 0.0013990905911157748, '331273950': 0.0013990905911157748, '3017969120': 0.0016789087093389298, '1398320540': 0.0013990905911157748, '2608961035': 0.0013990905911157748, '97194047': 0.0013990905911157748, '596026225': 0.0013990905911157748, '1963700282': 0.0013990905911157748, '368947633': 0.0013990905911157748, '4342599443': 0.0013990905911157748, '4851540819': 0.0013990905911157748, '1954604594': 0.0013990905911157748, '240000723': 0.0013990905911157748, '1848268830': 0.0013990905911157748, '27661929': 0.0013990905911157748, '203765012': 0.0013990905911157748, '824328062': 0.0013990905911157748, '21270878': 0.0015739769150052466, '1234898832': 0.0013990905911157748, '78153042': 0.0013990905911157748, '21276198': 0.00236096537250787, '3063489658': 0.0015739769150052466, '3253561121': 0.0013990905911157748, '2647553718': 0.0013990905911157748, '704058954901356544': 0.0013990905911157748, '2496377724': 0.0013990905911157748, '293914017': 0.0013990905911157748, '2681193721': 0.0013990905911157748, '3409209845': 0.0015739769150052466, '166668718': 0.0013990905911157748, '331489082': 0.0013990905911157748, '2491852562': 0.0013990905911157748, '572135014': 0.0013990905911157748, '25090421': 0.0013990905911157748, '3684467352': 0.0013990905911157748, '701808166917554176': 0.0013990905911157748, '4027810095': 0.0013990905911157748, '189628246': 0.0013990905911157748, '28012012': 0.0013990905911157748, '3054581519': 0.0015739769150052466, '2530943187': 0.0013990905911157748, '17587705': 0.0013990905911157748, '2329321704': 0.0016789087093389298, '2204976893': 0.0013990905911157748, '97744495': 0.0015739769150052466, '627413459': 0.0013990905911157748, '240870634': 0.0015739769150052466, '3064897839': 0.0013990905911157748, '409731584': 0.0013990905911157748, '3233197891': 0.0013990905911157748, '3411998548': 0.0013990905911157748, '2239795855': 0.0013990905911157748, '1442248950': 0.0013990905911157748, '18773626': 0.0013990905911157748, '165073959': 0.0013990905911157748, '1918976288': 0.0013990905911157748, '709145128829456384': 0.0013990905911157748, '449401794': 0.0013990905911157748, '17372783': 0.0013990905911157748, '1363580378': 0.00604900932041232, '2443265293': 0.004818296678587489, '29417304': 0.0015739769150052466, '147441534': 0.0015739769150052466, '922132999': 0.0013990905911157748, '371606891': 0.0016789087093389298, '116518986': 0.0016789087093389298, '3051225274': 0.0013990905911157748, '2918948183': 0.0016789087093389298, '2983084240': 0.0016789087093389298, '2728099270': 0.0016789087093389298, '716366995999039488': 0.0016789087093389298, '55980965': 0.0016789087093389298, '91217206': 0.0015739769150052466, '255153823': 0.0016789087093389298, '83595613': 0.0016789087093389298, '39930604': 0.0015739769150052466, '2587158315': 0.0016789087093389298, '39182771': 0.0016789087093389298, '2272099226': 0.0016789087093389298, '634983249': 0.0016789087093389298, '364039137': 0.0013990905911157748, '214688348': 0.0016789087093389298, '2177003580': 0.0013990905911157748, '444149481': 0.0016789087093389298, '2723724741': 0.0016789087093389298, '578044067': 0.0013990905911157748, '707755715264274437': 0.0013990905911157748, '3226823395': 0.0015739769150052466, '60647044': 0.0016789087093389298, '2949083782': 0.0016789087093389298, '30986701': 0.0016789087093389298, '408274521': 0.0016789087093389298, '931348670': 0.0013990905911157748, '2508995208': 0.0016789087093389298, '406226978': 0.0016789087093389298, '105549387': 0.0016789087093389298, '29523359': 0.0016789087093389298, '612487221': 0.0013990905911157748, '1546365578': 0.0016789087093389298, '4039714994': 0.0013990905911157748, '82712110': 0.0016789087093389298, '1648644518': 0.0016789087093389298, '1222984890': 0.0016789087093389298, '319576745': 0.0015739769150052466, '1392989358': 0.0013990905911157748, '514109492': 0.0016789087093389298, '2707322653': 0.0016789087093389298, '383899547': 0.0016789087093389298, '314824676': 0.0015739769150052466, '708260952': 0.0013990905911157748, '15437616': 0.0013990905911157748, '39503398': 0.0013990905911157748, '2760687891': 0.0016789087093389298, '1275694352': 0.0013990905911157748, '32888783': 0.006634397319161899, '3223771238': 0.0013990905911157748, '1126605247': 0.0015739769150052466, '1447267922': 0.0013990905911157748, '1252702284': 0.0013990905911157748, '19810894': 0.0013990905911157748, '601704917': 0.0015739769150052466, '511418873': 0.0013990905911157748, '715270267715457024': 0.0013990905911157748, '384568027': 0.0013990905911157748}
