number_of_nodes: 941
number_of_edges: 944
cascade_size: 940
tree_depth: Graph contains a cycle
in_degree_distribution: [0, 1, 1, 1, 1, 1, 1, 1, 1, 1, 1, 1, 1, 1, 1, 1, 1, 1, 1, 1, 1, 1, 1, 1, 1, 1, 1, 1, 1, 1, 1, 1, 1, 1, 1, 1, 1, 1, 1, 1, 1, 1, 1, 1, 1, 1, 1, 1, 1, 1, 1, 1, 1, 1, 1, 1, 1, 1, 1, 1, 1, 1, 1, 1, 1, 1, 1, 1, 1, 1, 1, 1, 1, 1, 1, 1, 1, 1, 1, 1, 1, 1, 1, 1, 1, 1, 1, 1, 1, 1, 1, 1, 1, 1, 1, 1, 1, 1, 1, 1, 1, 1, 1, 1, 1, 1, 1, 1, 1, 1, 1, 1, 1, 1, 1, 1, 1, 1, 1, 1, 1, 1, 1, 1, 1, 1, 1, 1, 1, 1, 1, 1, 1, 1, 1, 1, 1, 1, 1, 1, 1, 1, 1, 1, 1, 1, 1, 1, 1, 1, 1, 1, 1, 1, 1, 1, 1, 1, 1, 1, 1, 1, 1, 1, 1, 1, 1, 1, 1, 1, 1, 1, 1, 1, 1, 1, 1, 1, 1, 1, 1, 1, 1, 1, 1, 1, 1, 1, 1, 1, 1, 1, 1, 1, 1, 1, 1, 1, 1, 1, 1, 1, 1, 1, 1, 1, 1, 1, 1, 1, 1, 1, 1, 1, 1, 1, 1, 1, 1, 1, 1, 1, 1, 1, 1, 1, 1, 1, 1, 1, 1, 1, 1, 1, 1, 1, 1, 1, 1, 1, 1, 1, 1, 1, 1, 1, 1, 1, 1, 1, 1, 1, 1, 1, 1, 1, 1, 1, 1, 1, 1, 1, 1, 1, 1, 1, 1, 1, 1, 1, 1, 1, 1, 3, 1, 1, 1, 1, 1, 1, 1, 1, 1, 1, 1, 1, 1, 1, 1, 1, 1, 1, 1, 1, 1, 1, 1, 1, 1, 1, 1, 1, 1, 1, 1, 1, 1, 1, 1, 1, 1, 1, 1, 1, 1, 1, 1, 1, 1, 1, 1, 1, 1, 1, 1, 1, 1, 1, 1, 1, 1, 1, 1, 1, 1, 1, 1, 1, 1, 1, 1, 1, 1, 1, 1, 1, 1, 1, 1, 1, 1, 1, 1, 1, 1, 1, 1, 1, 1, 1, 1, 1, 1, 1, 1, 1, 1, 1, 1, 1, 1, 1, 1, 1, 1, 1, 1, 1, 1, 1, 1, 1, 1, 1, 1, 1, 1, 1, 1, 1, 1, 1, 1, 1, 1, 1, 1, 1, 1, 1, 1, 1, 1, 1, 1, 1, 1, 1, 1, 1, 1, 1, 1, 1, 1, 1, 1, 1, 1, 1, 1, 1, 1, 1, 1, 1, 1, 1, 1, 1, 1, 1, 1, 1, 1, 1, 1, 1, 1, 1, 1, 1, 1, 1, 1, 1, 1, 1, 1, 1, 1, 1, 1, 1, 1, 1, 1, 1, 1, 1, 1, 1, 1, 1, 1, 1, 1, 1, 1, 1, 1, 1, 1, 1, 1, 1, 1, 1, 1, 1, 1, 1, 1, 1, 1, 1, 1, 1, 1, 1, 1, 1, 1, 1, 1, 1, 1, 1, 1, 1, 1, 1, 1, 1, 1, 1, 1, 1, 1, 1, 1, 1, 1, 1, 1, 1, 1, 1, 1, 1, 1, 1, 1, 1, 1, 1, 1, 1, 1, 1, 1, 1, 1, 1, 1, 1, 1, 1, 1, 1, 1, 1, 1, 1, 1, 1, 1, 1, 1, 1, 1, 1, 1, 1, 2, 1, 1, 1, 1, 1, 1, 1, 1, 1, 1, 1, 1, 1, 1, 1, 1, 1, 1, 1, 1, 1, 1, 1, 1, 1, 1, 1, 1, 1, 1, 1, 1, 1, 1, 1, 1, 1, 1, 1, 1, 1, 1, 1, 1, 1, 1, 1, 1, 1, 1, 1, 1, 1, 1, 1, 1, 1, 1, 1, 1, 1, 1, 1, 1, 1, 1, 1, 1, 1, 1, 1, 1, 1, 1, 1, 1, 1, 1, 1, 1, 1, 1, 1, 1, 1, 1, 1, 1, 1, 1, 1, 1, 1, 1, 1, 1, 1, 1, 1, 1, 1, 1, 1, 1, 1, 1, 1, 1, 1, 1, 1, 1, 1, 1, 1, 1, 1, 1, 1, 1, 1, 1, 1, 1, 1, 1, 1, 1, 1, 1, 1, 1, 1, 2, 1, 1, 1, 1, 1, 1, 1, 1, 1, 1, 1, 1, 1, 1, 1, 1, 1, 1, 1, 1, 1, 1, 1, 1, 1, 1, 1, 1, 1, 1, 1, 1, 1, 1, 1, 1, 1, 1, 1, 1, 1, 1, 1, 1, 1, 1, 1, 1, 1, 1, 1, 1, 1, 1, 1, 1, 1, 1, 1, 1, 1, 1, 1, 1, 1, 1, 1, 1, 1, 1, 1, 1, 1, 1, 1, 1, 1, 1, 1, 1, 1, 1, 1, 1, 1, 1, 1, 1, 1, 1, 1, 1, 1, 1, 1, 1, 1, 1, 1, 1, 1, 1, 1, 1, 1, 1, 1, 1, 1, 1, 1, 1, 1, 1, 1, 1, 1, 1, 1, 1, 1, 1, 1, 1, 1, 1, 1, 1, 1, 1, 1, 1, 1, 1, 1, 1, 1, 1, 1, 1, 1, 1, 1, 1, 1, 1, 1, 1, 1, 1, 1, 1, 1, 1, 1, 1, 1, 1, 1, 1, 1, 1, 1, 1, 1, 1, 1, 1, 1, 1, 1, 1, 1, 1, 1, 1, 1, 1, 1, 1, 1, 1, 1, 1, 1, 1, 1, 1, 1, 1, 1, 1, 1, 1, 1, 1, 1, 1, 1, 1, 1, 1, 1, 1, 1, 1, 1, 1, 1, 1, 1, 1, 1, 1, 1, 1, 1, 1, 1, 1, 1, 1, 1, 1, 1, 1, 1, 1, 1, 1, 1, 1, 1, 1, 1, 1, 1, 1, 1, 1, 1, 1, 1, 1, 1, 1, 1, 1, 1, 1, 1, 1]
out_degree_distribution: [1, 734, 0, 0, 0, 0, 0, 0, 0, 0, 0, 0, 0, 0, 2, 0, 0, 0, 0, 0, 0, 0, 0, 0, 2, 0, 0, 0, 0, 0, 7, 1, 0, 0, 0, 0, 0, 0, 0, 0, 0, 0, 0, 1, 0, 0, 1, 0, 0, 13, 0, 0, 0, 2, 0, 0, 0, 0, 0, 0, 0, 0, 0, 0, 1, 1, 0, 0, 0, 0, 0, 0, 1, 1, 0, 0, 0, 0, 0, 1, 0, 0, 0, 0, 0, 0, 0, 0, 0, 0, 0, 0, 0, 0, 1, 0, 0, 1, 0, 0, 0, 0, 0, 0, 0, 4, 0, 0, 0, 0, 0, 0, 0, 0, 0, 0, 0, 0, 0, 0, 0, 0, 0, 0, 0, 0, 0, 0, 0, 0, 0, 0, 0, 1, 0, 0, 6, 0, 0, 0, 0, 0, 0, 0, 0, 0, 0, 0, 0, 1, 0, 0, 0, 0, 0, 0, 0, 0, 0, 0, 0, 0, 0, 0, 0, 0, 0, 0, 0, 0, 0, 0, 0, 0, 0, 0, 0, 1, 0, 0, 0, 0, 0, 0, 0, 0, 0, 0, 0, 1, 1, 0, 0, 0, 0, 0, 0, 0, 0, 1, 0, 0, 0, 0, 0, 0, 0, 0, 0, 0, 0, 0, 0, 0, 0, 0, 1, 3, 0, 0, 0, 0, 0, 0, 0, 0, 0, 0, 0, 0, 0, 0, 0, 0, 0, 0, 0, 0, 0, 0, 0, 0, 0, 0, 0, 0, 0, 0, 0, 0, 0, 0, 0, 0, 1, 0, 0, 0, 0, 0, 0, 0, 0, 0, 0, 0, 0, 0, 0, 0, 0, 0, 0, 3, 0, 0, 0, 0, 0, 0, 0, 0, 0, 0, 0, 0, 0, 0, 0, 0, 0, 0, 0, 0, 0, 0, 0, 1, 15, 0, 0, 0, 0, 0, 0, 1, 0, 0, 0, 0, 0, 0, 0, 0, 0, 0, 0, 0, 8, 0, 0, 0, 0, 1, 0, 0, 0, 0, 47, 0, 0, 1, 0, 3, 0, 0, 0, 0, 0, 1, 0, 0, 1, 0, 0, 0, 0, 0, 0, 0, 1, 0, 0, 0, 0, 0, 0, 0, 1, 0, 0, 0, 0, 0, 0, 0, 0, 0, 0, 0, 0, 0, 1, 0, 1, 0, 2, 0, 0, 0, 0, 0, 0, 0, 0, 0, 0, 0, 0, 0, 0, 0, 0, 0, 0, 0, 0, 0, 0, 0, 2, 0, 0, 0, 0, 0, 2, 0, 0, 0, 0, 2, 0, 0, 0, 0, 0, 0, 0, 0, 0, 0, 1, 0, 0, 0, 0, 0, 0, 0, 0, 2, 0, 0, 0, 0, 0, 0, 0, 0, 0, 0, 1, 0, 0, 0, 0, 0, 0, 0, 0, 0, 0, 0, 0, 0, 0, 0, 0, 0, 0, 0, 0, 0, 0, 0, 0, 0, 0, 0, 0, 1, 0, 0, 0, 0, 0, 0, 0, 0, 1, 0, 0, 0, 0, 0, 0, 0, 1, 0, 0, 0, 0, 0, 1, 0, 0, 0, 0, 0, 0, 0, 0, 0, 0, 0, 0, 0, 0, 0, 1, 0, 3, 0, 0, 0, 0, 0, 0, 0, 2, 0, 0, 0, 0, 0, 0, 1, 0, 0, 0, 1, 0, 0, 0, 0, 0, 0, 0, 0, 0, 0, 0, 0, 0, 0, 0, 0, 0, 1, 0, 0, 0, 0, 0, 0, 0, 0, 0, 0, 0, 0, 0, 0, 0, 0, 0, 0, 0, 0, 0, 0, 0, 0, 2, 0, 0, 0, 0, 0, 0, 0, 0, 0, 0, 0, 0, 0, 0, 0, 0, 0, 1, 0, 0, 0, 0, 0, 10, 0, 0, 1, 0, 0, 0, 0, 2, 0, 1, 0, 0, 0, 0, 0, 0, 1, 0, 0, 0, 0, 0, 0, 0, 0, 0, 1, 0, 0, 0, 0, 0, 0, 0, 0, 0, 0, 1, 0, 0, 0, 1, 0, 0, 0, 1, 0, 0, 0, 0, 0, 0, 0, 0, 0, 0, 0, 0, 0, 0, 0, 0, 0, 0, 0, 0, 0, 0, 0, 0, 0, 0, 0, 0, 0, 0, 0, 0, 0, 0, 0, 0, 0, 0, 0, 0, 0, 0, 0, 0, 0, 0, 0, 0, 0, 0, 1, 1, 0, 0, 0, 0, 0, 0, 0, 0, 0, 0, 0, 0, 0, 0, 0, 0, 0, 0, 0, 0, 0, 0, 0, 0, 0, 0, 0, 0, 0, 0, 0, 2, 1, 0, 0, 0, 0, 0, 0, 0, 0, 0, 0, 0, 0, 0, 0, 0, 0, 0, 0, 0, 0, 0, 0, 0, 0, 0, 0, 1, 1, 0, 0, 0, 0, 0, 0, 0, 1, 0, 0, 0, 1, 0, 0, 0, 0, 0, 0, 0, 0, 0, 0, 0, 0, 0, 0, 0, 0, 0, 0, 0, 0, 0, 0, 0, 0, 0, 0, 0, 0, 0, 0, 0, 0, 0, 0, 0, 0, 0, 0, 0, 0, 0, 0, 0, 1, 0, 0, 0, 0, 0, 0, 0, 0, 0, 0, 0, 0, 0, 0, 0, 1, 0, 0, 0, 0, 0, 0, 0, 0, 2, 0, 0, 0, 0, 0, 0, 0, 0, 1, 0, 0, 0, 0, 0, 0, 0, 0, 0, 0, 0, 0, 0, 0, 0, 0, 0, 0, 0, 0, 0, 1, 0, 0, 0, 0, 0, 0, 0, 0, 0, 0, 0, 0, 0, 0, 1, 0, 0, 0, 0, 0, 0, 0, 0, 0, 0, 0, 0, 0, 0, 0, 0, 2, 0, 0, 0, 0, 0, 0, 0, 0, 0, 0, 1, 0, 0, 0, 0, 0, 0, 0, 0, 0, 0, 0, 0, 0, 0, 0, 0, 0, 0, 0, 0, 0, 0, 0, 0, 0, 0, 0, 0]
propagation_delay_min: 0.0
propagation_delay_mean: 429.0336440677966
propagation_delay_max: 34660.65
reaction_time_min: 0.0
reaction_time_mean: 429.0336440677966
reaction_time_max: 34660.65
betweenness_centrality: {'ROOT': 0.0, '2467791': 0.0010638297872340426, '2826813628': 0.0, '956476459': 0.0, '580538079': 0.0, '15917630': 0.0, '567416367': 0.0, '1404616812': 0.0, '45629451': 0.0, '457481692': 0.0, '250489882': 0.0, '248682185': 0.0, '29148268': 0.0, '1345248422': 0.0, '2414855658': 6.79763442322072e-06, '2179077081': 0.0, '232645740': 0.0, '942636822': 0.0, '1390935534': 0.0, '229985237': 0.0, '249075294': 0.0, '1902151532': 0.0, '229472094': 0.0, '339493699': 0.0, '54730916': 6.79763442322072e-06, '38578589': 0.0, '363401005': 0.0, '194432429': 0.0, '83289696': 0.0, '22794611': 0.0, '17695016': 2.039290326966216e-05, '243268045': 2.2658781410735733e-06, '490624428': 0.0, '20110434': 0.0, '134552159': 0.0, '321431511': 0.0, '255149005': 0.0, '62938565': 0.0, '283388524': 0.0, '904894051': 0.0, '42276821': 0.0, '44794884': 0.0, '760099440': 0.0, '236120475': 3.39881721161036e-06, '15888299': 0.0, '316486277': 0.0, '196843409': 2.2658781410735733e-06, '424273037': 0.0, '136683095': 0.0, '105918870': 3.3988172116103597e-05, '2720144785': 0.0, '1137105302': 0.0, '1584035035': 0.0, '343746229': 4.5317562821471465e-06, '89754366': 0.0, '1658069142': 0.0, '17848221': 0.0, '20292205': 0.0, '2769022614': 0.0, '40168697': 0.0, '2719657451': 0.0, '594871047': 0.0, '26779956': 0.0, '79597193': 0.0, '444005591': 6.79763442322072e-06, '483223': 2.2658781410735733e-06, '104312486': 0.0, '369119901': 0.0, '76337327': 0.0, '27392406': 0.0, '184252549': 0.0, '16391016': 0.0, '92678521': 1.1329390705367866e-05, '263748985': 4.5317562821471465e-06, '78685035': 0.0, '68857711': 0.0, '32602930': 0.0, '273194552': 0.0, '154271777': 0.0, '2378425447': 3.39881721161036e-06, '16674825': 0.0, '33787443': 0.0, '390909958': 0.0, '44412460': 0.0, '1480464548': 0.0, '2349815676': 0.0, '816155875': 0.0, '34153781': 0.0, '1155273433': 0.0, '172248116': 0.0, '321152810': 0.0, '1631492510': 0.0, '150217697': 0.0, '764163216': 0.0, '53785396': 2.2658781410735733e-06, '826365320': 0.0, '105566753': 0.0, '597480158': 3.39881721161036e-06, '49053573': 0.0, '62992954': 0.0, '25568224': 0.0, '69476041': 0.0, '30277739': 0.0, '18509825': 0.0, '301031476': 0.0, '15957169': 1.359526884644144e-05, '234302331': 0.0, '19377117': 0.0, '2308544844': 0.0, '378122370': 0.0, '58333924': 0.0, '2738394422': 0.0, '11613452': 0.0, '2384105730': 0.0, '2779777188': 0.0, '4776141': 0.0, '45624911': 0.0, '2492780364': 0.0, '1057356487': 0.0, '38942803': 0.0, '435040512': 0.0, '221034991': 0.0, '772475029': 0.0, '2801408276': 0.0, '165491316': 0.0, '1238447220': 0.0, '460588509': 0.0, '527313034': 0.0, '123162835': 0.0, '134837880': 0.0, '306803969': 0.0, '5817692': 0.0, '264421684': 0.0, '55853059': 4.5317562821471465e-06, '252750506': 0.0, '376845337': 0.0, '75293774': 1.359526884644144e-05, '20908948': 0.0, '1137763088': 0.0, '249118242': 0.0, '494730441': 0.0, '2799374923': 0.0, '2247378276': 0.0, '2844888908': 0.0, '292881336': 0.0, '866788843': 0.0, '41557725': 0.0, '225071676': 0.0, '2531945155': 0.0, '14103189': 2.2658781410735733e-06, '622860832': 0.0, '109983059': 0.0, '179385678': 0.0, '462109177': 0.0, '29371569': 0.0, '413636792': 0.0, '55472318': 0.0, '2763309533': 0.0, '2354934097': 0.0, '22504565': 0.0, '146395411': 0.0, '1681416950': 0.0, '237768674': 0.0, '1115698404': 0.0, '2823365752': 0.0, '98507571': 0.0, '1324484900': 0.0, '113558461': 0.0, '1078135514': 0.0, '32193400': 0.0, '244800362': 0.0, '89064820': 0.0, '125705484': 0.0, '355330805': 0.0, '285918872': 0.0, '5145791': 0.0, '176618486': 0.0, '476847191': 2.2658781410735733e-06, '30756405': 0.0, '138214798': 0.0, '261998773': 0.0, '47055461': 0.0, '946240344': 0.0, '215693617': 0.0, '238900426': 0.0, '2165707725': 0.0, '59142522': 0.0, '288311732': 0.0, '186794612': 0.0, '315161628': 2.2658781410735733e-06, '431116819': 2.2658781410735733e-06, '705564782': 0.0, '260129352': 0.0, '2752351166': 0.0, '829881710': 0.0, '827768222': 0.0, '15300487': 0.0, '932140800': 0.0, '1688442932': 0.0, '23196051': 4.5317562821471465e-06, '196138324': 0.0, '29636510': 0.0, '2182724641': 0.0, '26878373': 0.0, '252382762': 0.0, '743566470': 0.0, '178806901': 0.0, '103209030': 0.0, '25537074': 0.0, '52881387': 0.0, '2869126934': 0.0, '80937924': 0.0, '137776292': 0.0, '637114435': 0.0, '2780184325': 0.0, '717364921': 0.0, '40388991': 3.39881721161036e-06, '16085441': 6.79763442322072e-06, '291462700': 0.0, '597112352': 0.0, '1455207902': 0.0, '186914882': 0.0, '565084558': 0.0, '124852615': 0.0, '2620095872': 0.0, '2229768591': 0.0, '239640369': 0.0, '16047793': 0.0, '323825179': 0.0, '55856471': 0.0, '485565313': 0.0, '353784372': 0.0, '937139208': 0.0, '48887547': 0.0, '10925562': 0.0, '1437417487': 0.0, '590177097': 0.0, '2603712745': 0.0, '718042011': 0.0, '275942684': 0.0, '818302412': 0.0, '2785595698': 0.0, '27579192': 0.0, '17871004': 0.0, '225838288': 0.0, '413203502': 0.0, '1881536468': 0.0, '286370895': 0.0, '341627543': 0.0, '52405670': 0.0, '19191774': 0.0, '34590705': 0.0, '423414849': 0.0, '286334882': 0.0, '333759611': 2.2658781410735733e-06, '2674848704': 0.0, '242957669': 0.0, '2237167544': 0.0, '5676812': 0.0, '2342954575': 0.0, '2761853959': 0.0, '990164244': 0.0, '2762611226': 0.0, '67585143': 0.0, '2262939909': 0.0, '132719433': 0.0, '22937014': 0.0, '2343653733': 0.0, '2724215808': 0.0, '127159543': 0.0, '63271117': 0.0, '2756951092': 0.0, '370606971': 0.0, '61844078': 5.664695352683933e-06, '2602289420': 0.0, '77894697': 0.0, '157007174': 0.0, '138832318': 0.0, '2543427014': 0.0, '137684311': 0.0, '347910999': 0.0, '193156404': 0.0, '594961497': 0.0, '1436098141': 0.0, '491076241': 0.0, '21876643': 0.0, '607908342': 0.0, '2579625246': 0.0, '214767708': 0.0, '2471894959': 0.0, '2239326216': 0.0, '76072774': 0.0, '49880944': 0.0, '489618487': 0.0, '19991890': 0.0, '34267356': 0.0, '757110062': 0.0, '51286407': 0.0, '69004966': 3.3988172116103597e-05, '2184871242': 0.0, '242856363': 0.0, '67425557': 0.0, '28160374': 0.0, '52279659': 0.0, '110221912': 0.0, '571891509': 2.2658781410735733e-06, '1324799269': 0.0, '482416522': 0.0, '29593772': 0.0, '49979082': 0.0, '2540521810': 0.0, '544427283': 0.0, '255681656': 0.0, '803494326': 0.0, '391157162': 0.0, '249916090': 0.0, '242557699': 0.0, '2699356161': 0.0, '450244239': 1.8127025128588586e-05, '995979414': 0.0, '1362799170': 0.0, '2409167293': 0.0, '580519615': 0.0, '73400415': 2.2658781410735733e-06, '47684286': 0.0, '1723392776': 0.0, '117549354': 0.0, '32884165': 0.0, '28049003': 0.00012462329775904653, '311070823': 0.0, '309411152': 0.0, '119568024': 2.719053769288288e-05, '277117828': 0.0, '246103': 6.79763442322072e-06, '245491994': 0.0, '2463065714': 0.0, '395712258': 0.0, '720356851': 0.0, '61476544': 0.0, '71151452': 3.39881721161036e-06, '2793120892': 0.0, '2485737080': 0.0, '56819005': 2.2658781410735733e-06, '267958518': 0.0, '80361257': 0.0, '156854104': 0.0, '14079152': 0.0, '942039997': 0.0, '55509865': 0.0, '449054112': 0.0, '22877951': 2.2658781410735733e-06, '59549064': 0.0, '329338514': 0.0, '2671032349': 0.0, '142679213': 0.0, '1597225585': 0.0, '83946610': 0.0, '1322868552': 0.0, '200598623': 3.39881721161036e-06, '62178788': 0.0, '608892367': 0.0, '135455605': 0.0, '338460935': 0.0, '136167511': 0.0, '382640191': 0.0, '312253106': 0.0, '2366151': 0.0, '586521218': 0.0, '132952814': 0.0, '198711475': 0.0, '1080786510': 0.0, '2271398425': 0.0, '72360319': 2.2658781410735733e-06, '156166269': 0.0, '145862955': 2.2658781410735733e-06, '1703753791': 0.0, '344183143': 4.5317562821471465e-06, '50799216': 0.0, '7565462': 0.0, '14559584': 0.0, '35415205': 0.0, '65736385': 0.0, '292093934': 0.0, '617887740': 0.0, '62426949': 0.0, '2229105008': 0.0, '312286721': 0.0, '357231880': 0.0, '19413377': 0.0, '2807115121': 0.0, '246614123': 0.0, '376448601': 0.0, '161338474': 0.0, '124936128': 0.0, '8777002': 0.0, '110657314': 0.0, '323583005': 0.0, '29713568': 0.0, '13099932': 0.0, '375865811': 0.0, '67778641': 4.5317562821471465e-06, '14830887': 0.0, '206792061': 0.0, '14661407': 0.0, '62862066': 0.0, '359615625': 0.0, '21861033': 6.79763442322072e-06, '15561694': 0.0, '19535737': 0.0, '29547150': 0.0, '28163598': 0.0, '165061037': 4.5317562821471465e-06, '173132385': 0.0, '2165985997': 0.0, '15149414': 0.0, '601087282': 0.0, '378632184': 0.0, '44357719': 0.0, '20727451': 0.0, '22278133': 0.0, '1692174140': 0.0, '34051662': 0.0, '149656428': 2.2658781410735733e-06, '42227473': 0.0, '2840858000': 0.0, '21539286': 0.0, '351219612': 0.0, '1601949775': 0.0, '34206095': 0.0, '443234503': 0.0, '68442584': 0.0, '7669702': 6.79763442322072e-06, '79966746': 0.0, '25181713': 0.0, '2577084776': 0.0, '385628927': 0.0, '32123594': 0.0, '2196705710': 0.0, '3431581': 0.0, '286826025': 0.0, '33084026': 0.0, '84123196': 0.0, '21352952': 3.39881721161036e-06, '219458855': 0.0, '16191163': 0.0, '191324405': 0.0, '631677098': 0.0, '227598323': 0.0, '15019740': 0.0, '10990952': 0.0, '182225709': 0.0, '2434078693': 0.0, '376778699': 0.0, '2289917954': 0.0, '60451395': 0.0, '83226854': 0.0, '253910519': 0.0, '1262476670': 0.0, '965298974': 0.0, '625431827': 0.0, '74305047': 0.0, '2841613989': 0.0, '166748816': 0.0, '21345227': 0.0, '19956477': 0.0, '391650642': 0.0, '108296921': 0.0, '153064061': 0.0, '974414870': 0.0, '142885184': 0.0, '59479084': 0.0, '29785472': 2.2658781410735733e-06, '178454889': 0.0, '53252614': 0.0, '88954813': 0.0, '2251186733': 0.0, '732882626': 0.0, '2772305506': 0.0, '278355142': 0.0, '27267445': 0.0, '105497418': 2.2658781410735733e-06, '2340601591': 0.0, '335087651': 0.0, '82369457': 0.0, '774882384': 0.0, '373030309': 0.0, '601585850': 0.0, '332745636': 0.0, '12514': 2.2658781410735733e-06, '20397901': 0.0, '1184171281': 0.0, '2757727221': 0.0, '2422476056': 0.0, '997': 0.0, '244086046': 2.2658781410735733e-06, '247365933': 0.0, '179651098': 0.0, '31437426': 0.0, '1129930010': 0.0, '16965928': 0.0, '17088530': 0.0, '48971317': 0.0, '2229192226': 0.0, '248668138': 0.0, '108842988': 0.0, '161020319': 0.0, '332027371': 0.0, '474439533': 0.0, '39948932': 0.0, '2847319834': 0.0, '37091176': 1.1329390705367866e-06, '296167357': 0.0, '31157715': 1.359526884644144e-05, '189394605': 0.0, '105303415': 0.0, '1037743412': 0.0, '276619203': 0.0, '1031734616': 0.0, '136154745': 0.0, '1604280392': 0.0, '27326289': 1.019645163483108e-05, '409219776': 0.0, '108676479': 0.0, '1381166982': 0.0, '114127649': 0.0, '614295832': 0.0, '18627541': 0.0, '220738193': 2.2658781410735733e-06, '351860076': 0.0, '217733690': 0.0, '121290564': 0.0, '147940111': 3.39881721161036e-06, '99122519': 0.0, '241292532': 0.0, '106364600': 0.0, '57075332': 0.0, '19128874': 0.0, '1384160306': 0.0, '59196713': 0.0, '2597893255': 0.0, '2258284244': 0.0, '2349017615': 0.0, '434840781': 0.0, '1530001045': 0.0, '204825100': 0.0, '948894055': 0.0, '508214922': 0.0, '2216598879': 0.0, '950665332': 0.0, '19002424': 4.5317562821471465e-06, '358311869': 0.0, '15492661': 0.0, '211553568': 0.0, '353660987': 0.0, '2873923472': 0.0, '2663983909': 0.0, '5665242': 0.0, '53478557': 0.0, '2332927237': 0.0, '280588830': 0.0, '328756230': 0.0, '304508532': 0.0, '1861017686': 0.0, '2793281288': 0.0, '492769213': 0.0, '16727183': 0.0, '22797045': 0.0, '436100377': 0.0, '1160268409': 0.0, '2210001836': 0.0, '2696410233': 0.0, '598701017': 0.0, '35598426': 0.0, '1354376870': 0.0, '2266500120': 6.79763442322072e-06, '17390256': 0.0, '270226540': 0.0, '2467586373': 0.0, '2345973419': 0.0, '240786850': 0.0, '2417025056': 0.0, '25901101': 0.0, '824105742': 0.0, '701434176': 0.0, '211612361': 0.0, '2676516424': 0.0, '20965072': 0.0, '1641319554': 0.0, '1930441093': 0.0, '374600816': 0.0, '930594271': 0.0, '135987686': 0.0, '91342825': 2.2658781410735733e-06, '15175822': 0.0, '229108740': 0.0, '1127227201': 0.0, '89265769': 0.0, '66051231': 0.0, '15518530': 3.738698932771396e-05, '36965237': 0.0, '337469314': 0.0, '2408067523': 3.39881721161036e-06, '258327208': 0.0, '26611816': 0.0, '394376469': 0.0, '2360409169': 0.0, '33296120': 4.5317562821471465e-06, '15236634': 0.0, '18879274': 2.2658781410735733e-06, '856894412': 0.0, '44694966': 0.0, '37180297': 0.0, '293992685': 0.0, '437227352': 0.0, '59536395': 0.0, '31653264': 2.2658781410735733e-06, '184009784': 0.0, '14222304': 0.0, '71959874': 0.0, '805530769': 0.0, '2724409353': 0.0, '1717532407': 0.0, '588595591': 0.0, '114388311': 0.0, '316125117': 0.0, '634703002': 2.2658781410735733e-06, '149130144': 0.0, '102581124': 0.0, '1620752018': 0.0, '106145627': 0.0, '210993736': 0.0, '245370629': 0.0, '129078113': 0.0, '519190168': 0.0, '16623075': 0.0, '2149607430': 0.0, '797497100': 2.2658781410735733e-06, '327668990': 0.0, '92260630': 0.0, '42768410': 0.0, '15970567': 2.2658781410735733e-06, '125107863': 0.0, '6302842': 0.0, '17807472': 0.0, '135366889': 2.2658781410735733e-06, '21104312': 0.0, '961180856': 0.0, '1905015793': 0.0, '1586471082': 0.0, '186572678': 0.0, '15998041': 0.0, '439778499': 0.0, '724628834': 0.0, '542749245': 0.0, '18213163': 0.0, '45371313': 0.0, '56018475': 0.0, '457690799': 0.0, '467158577': 0.0, '413783592': 0.0, '20119607': 0.0, '2182159565': 0.0, '1965029827': 0.0, '991716578': 0.0, '2410870225': 0.0, '27007885': 0.0, '356923885': 0.0, '257712160': 0.0, '312437876': 0.0, '48072748': 0.0, '846859399': 0.0, '360848085': 0.0, '247579378': 0.0, '2489684918': 0.0, '1423531074': 0.0, '615356461': 0.0, '217011685': 0.0, '1457006184': 0.0, '1546194625': 0.0, '204759328': 0.0, '47674667': 0.0, '16176702': 0.0, '504763230': 0.0, '15277995': 0.0, '192313778': 0.0, '164314179': 0.0, '229924530': 0.0, '256547762': 0.0, '36735770': 0.0, '115436992': 0.0, '11861072': 0.0, '387244656': 0.0, '461672054': 0.0, '36073910': 0.0, '294396285': 0.0, '54949405': 0.0, '501877633': 2.2658781410735733e-06, '2867155622': 0.0, '342170721': 0.0, '12672492': 0.0, '31374413': 0.0, '2676441821': 0.0, '435209264': 0.0, '2188991938': 0.0, '2393566206': 0.0, '245696966': 0.0, '574981185': 0.0, '67910712': 0.0, '116860927': 0.0, '832482386': 0.0, '97519068': 0.0, '14434647': 0.0, '72930853': 0.0, '128995835': 0.0, '15007008': 0.0, '150361594': 0.0, '757248236': 0.0, '44872009': 0.0, '253171528': 0.0, '26097757': 0.0, '18179415': 0.0, '258335382': 0.0, '12897722': 0.0, '256189347': 0.0, '87703600': 0.0, '2737674672': 0.0, '1043839590': 0.0, '1416856825': 0.0, '903248551': 4.5317562821471465e-06, '99197912': 4.5317562821471465e-06, '160975748': 0.0, '23687917': 0.0, '547839306': 0.0, '76937153': 0.0, '1380197070': 0.0, '75390693': 0.0, '296431804': 0.0, '1336534615': 0.0, '156516386': 0.0, '2792247867': 0.0, '334289052': 0.0, '2794768960': 0.0, '150661180': 0.0, '114879828': 0.0, '857902530': 0.0, '2282880248': 0.0, '1190444628': 0.0, '1510771129': 0.0, '357040862': 0.0, '465570356': 0.0, '145936614': 0.0, '131031511': 0.0, '2803129685': 0.0, '28543715': 0.0, '367987307': 0.0, '2417583495': 0.0, '814667': 2.2658781410735733e-06, '1552882350': 2.2658781410735733e-06, '2342154031': 0.0, '36263735': 0.0, '21140429': 0.0, '864619646': 0.0, '1674561577': 0.0, '31684221': 0.0, '225280670': 0.0, '2249729852': 4.5317562821471465e-06, '226453061': 0.0, '59112767': 0.0, '76069882': 0.0, '1093711638': 3.39881721161036e-06, '1137913928': 0.0, '775861': 0.0, '23799251': 0.0, '31757935': 0.0, '348854439': 0.0, '83190446': 0.0, '487168474': 0.0, '448714468': 0.0, '521525028': 0.0, '109072111': 0.0, '490312464': 0.0, '39768969': 0.0, '67627023': 0.0, '431179408': 0.0, '37435889': 0.0, '973123644': 0.0, '305894011': 0.0, '2337153800': 0.0, '2489865147': 0.0, '560481984': 0.0, '632398000': 0.0, '2382894691': 0.0, '24945331': 0.0, '18837100': 0.0, '2611679274': 0.0, '1084087334': 0.0, '174554002': 0.0, '247163518': 0.0, '363582297': 0.0, '363199891': 0.0, '34346550': 0.0, '37394967': 0.0, '1042575452': 0.0, '256374572': 0.0, '2224014040': 0.0, '19615483': 0.0, '908500993': 0.0, '178736617': 0.0, '85059230': 0.0, '259003229': 0.0, '16390652': 0.0, '54661743': 0.0, '53469512': 0.0, '10052072': 3.39881721161036e-06, '47491845': 0.0, '74836878': 0.0, '17681048': 0.0, '2422886785': 0.0, '239912344': 0.0, '50251957': 0.0, '37789486': 0.0, '362100154': 0.0, '703722876': 0.0, '475115293': 0.0, '376525917': 0.0, '324560356': 0.0, '14086979': 0.0, '27395705': 0.0, '249517982': 0.0, '2294993113': 2.2658781410735733e-06, '15152959': 0.0, '42117969': 0.0, '14176150': 0.0, '415159974': 0.0, '207617689': 0.0, '15254045': 0.0, '906384307': 0.0, '18415065': 0.0, '300914616': 4.5317562821471465e-06, '70735083': 0.0, '1357347697': 0.0, '1000500883': 0.0, '424121635': 0.0, '1536924265': 0.0, '719129181': 0.0, '317126349': 0.0, '80097496': 0.0, '3946': 2.2658781410735733e-06, '166585467': 0.0, '84240801': 0.0, '2209686697': 0.0, '80662188': 0.0, '520154692': 0.0, '122240934': 0.0, '944820686': 0.0, '1852876046': 0.0, '40241204': 0.0, '2619163263': 0.0, '90347315': 0.0, '20858354': 0.0, '76965309': 0.0, '210583037': 0.0, '411807195': 0.0, '20559148': 0.0, '16444089': 0.0, '294262386': 0.0, '20525873': 0.0, '459377291': 0.0, '30064493': 0.0, '59307395': 3.39881721161036e-06, '539629996': 0.0, '229900664': 0.0, '11141852': 0.0, '551187694': 0.0, '26289303': 0.0, '396679459': 0.0, '21519789': 0.0, '579199549': 0.0, '333944401': 0.0, '235389568': 0.0, '224166710': 0.0, '2173480439': 0.0, '510130919': 0.0, '105897714': 0.0, '76534080': 2.2658781410735733e-06, '102736439': 0.0, '470293595': 0.0, '99630569': 0.0, '126687701': 0.0, '46393468': 0.0, '469516139': 0.0, '229683143': 0.0, '25111843': 0.0, '318342349': 0.0, '14370195': 0.0, '41900545': 0.0, '879438012': 0.0, '37462382': 0.0, '36150423': 0.0, '1239821220': 0.0, '578275620': 0.0, '2452486260': 6.79763442322072e-06, '2740323357': 0.0, '246705115': 0.0, '1171048585': 0.0, '742007929': 0.0, '519504650': 0.0, '517947130': 0.0, '127091350': 0.0, '16026704': 0.0, '1486117886': 0.0, '106702194': 0.0, '32772630': 2.2658781410735733e-06, '526314347': 0.0, '34166681': 0.0, '948973447': 0.0, '1219928870': 0.0, '146792585': 0.0, '611331257': 0.0, '2372496690': 0.0, '1644498936': 0.0, '157846916': 0.0, '1070587861': 0.0, '145130236': 0.0, '2493351453': 0.0, '614476400': 0.0, '2491863991': 0.0, '2649605396': 0.0, '2491939135': 0.0, '17954523': 0.0, '728599008': 0.0, '2855115082': 0.0, '2805072496': 0.0, '2763520001': 0.0, '349533867': 0.0, '95030641': 0.0, '1214348562': 0.0, '382852141': 0.0, '4393201': 0.0, '1368608016': 0.0, '23869801': 0.0}
closeness_centrality: {'ROOT': 0.0, '2467791': 0.0010638297872340426, '2826813628': 0.0014184397163120566, '956476459': 0.0014184397163120566, '580538079': 0.0014184397163120566, '15917630': 0.0014184397163120566, '567416367': 0.0014184397163120566, '1404616812': 0.0014184397163120566, '45629451': 0.0014184397163120566, '457481692': 0.0014184397163120566, '250489882': 0.0014184397163120566, '248682185': 0.0014184397163120566, '29148268': 0.0014184397163120566, '1345248422': 0.0014184397163120566, '2414855658': 0.0014184397163120566, '2179077081': 0.0014184397163120566, '232645740': 0.0014184397163120566, '942636822': 0.0014184397163120566, '1390935534': 0.0014184397163120566, '229985237': 0.0014184397163120566, '249075294': 0.0014184397163120566, '1902151532': 0.0014184397163120566, '229472094': 0.0014184397163120566, '339493699': 0.0014184397163120566, '54730916': 0.0014184397163120566, '38578589': 0.0014184397163120566, '363401005': 0.0014184397163120566, '194432429': 0.0014184397163120566, '83289696': 0.0014184397163120566, '22794611': 0.0014184397163120566, '17695016': 0.0014184397163120566, '243268045': 0.0014184397163120566, '490624428': 0.0014184397163120566, '20110434': 0.0014184397163120566, '134552159': 0.0014184397163120566, '321431511': 0.0014184397163120566, '255149005': 0.0014184397163120566, '62938565': 0.0014184397163120566, '283388524': 0.0014184397163120566, '904894051': 0.0014184397163120566, '42276821': 0.0014184397163120566, '44794884': 0.0014184397163120566, '760099440': 0.0014184397163120566, '236120475': 0.0015957446808510637, '15888299': 0.0014184397163120566, '316486277': 0.0014184397163120566, '196843409': 0.0014184397163120566, '424273037': 0.0014184397163120566, '136683095': 0.0014184397163120566, '105918870': 0.0014184397163120566, '2720144785': 0.0014184397163120566, '1137105302': 0.0014184397163120566, '1584035035': 0.0014184397163120566, '343746229': 0.0014184397163120566, '89754366': 0.0014184397163120566, '1658069142': 0.0014184397163120566, '17848221': 0.0015957446808510637, '20292205': 0.0014184397163120566, '2769022614': 0.0014184397163120566, '40168697': 0.0014184397163120566, '2719657451': 0.0014184397163120566, '594871047': 0.0014184397163120566, '26779956': 0.0014184397163120566, '79597193': 0.0014184397163120566, '444005591': 0.0014184397163120566, '483223': 0.0014184397163120566, '104312486': 0.0014184397163120566, '369119901': 0.0014184397163120566, '76337327': 0.0014184397163120566, '27392406': 0.0014184397163120566, '184252549': 0.0014184397163120566, '16391016': 0.0015957446808510637, '92678521': 0.0014184397163120566, '263748985': 0.0014184397163120566, '78685035': 0.0014184397163120566, '68857711': 0.0014184397163120566, '32602930': 0.0014184397163120566, '273194552': 0.0014184397163120566, '154271777': 0.0014184397163120566, '2378425447': 0.0015957446808510637, '16674825': 0.0014184397163120566, '33787443': 0.0014184397163120566, '390909958': 0.0014184397163120566, '44412460': 0.0014184397163120566, '1480464548': 0.0014184397163120566, '2349815676': 0.0014184397163120566, '816155875': 0.0014184397163120566, '34153781': 0.0015957446808510637, '1155273433': 0.0014184397163120566, '172248116': 0.0014184397163120566, '321152810': 0.0014184397163120566, '1631492510': 0.0014184397163120566, '150217697': 0.0017021276595744683, '764163216': 0.0014184397163120566, '53785396': 0.0014184397163120566, '826365320': 0.0014184397163120566, '105566753': 0.0014184397163120566, '597480158': 0.0015957446808510637, '49053573': 0.0014184397163120566, '62992954': 0.0014184397163120566, '25568224': 0.0014184397163120566, '69476041': 0.0014184397163120566, '30277739': 0.0014184397163120566, '18509825': 0.0014184397163120566, '301031476': 0.0014184397163120566, '15957169': 0.0015957446808510637, '234302331': 0.0014184397163120566, '19377117': 0.0014184397163120566, '2308544844': 0.0014184397163120566, '378122370': 0.0014184397163120566, '58333924': 0.0014184397163120566, '2738394422': 0.0014184397163120566, '11613452': 0.0014184397163120566, '2384105730': 0.0014184397163120566, '2779777188': 0.0014184397163120566, '4776141': 0.0014184397163120566, '45624911': 0.0014184397163120566, '2492780364': 0.0014184397163120566, '1057356487': 0.0014184397163120566, '38942803': 0.0014184397163120566, '435040512': 0.0014184397163120566, '221034991': 0.0014184397163120566, '772475029': 0.0014184397163120566, '2801408276': 0.0014184397163120566, '165491316': 0.0017021276595744683, '1238447220': 0.0014184397163120566, '460588509': 0.0015957446808510637, '527313034': 0.0014184397163120566, '123162835': 0.0014184397163120566, '134837880': 0.0014184397163120566, '306803969': 0.0015957446808510637, '5817692': 0.0014184397163120566, '264421684': 0.0014184397163120566, '55853059': 0.0014184397163120566, '252750506': 0.0014184397163120566, '376845337': 0.0014184397163120566, '75293774': 0.0014184397163120566, '20908948': 0.0014184397163120566, '1137763088': 0.0014184397163120566, '249118242': 0.0014184397163120566, '494730441': 0.0014184397163120566, '2799374923': 0.0014184397163120566, '2247378276': 0.0014184397163120566, '2844888908': 0.0014184397163120566, '292881336': 0.0015957446808510637, '866788843': 0.0014184397163120566, '41557725': 0.0014184397163120566, '225071676': 0.0014184397163120566, '2531945155': 0.0014184397163120566, '14103189': 0.0014184397163120566, '622860832': 0.0014184397163120566, '109983059': 0.0014184397163120566, '179385678': 0.0014184397163120566, '462109177': 0.0014184397163120566, '29371569': 0.0015957446808510637, '413636792': 0.0015957446808510637, '55472318': 0.0014184397163120566, '2763309533': 0.0014184397163120566, '2354934097': 0.0014184397163120566, '22504565': 0.0014184397163120566, '146395411': 0.0014184397163120566, '1681416950': 0.0015957446808510637, '237768674': 0.0014184397163120566, '1115698404': 0.0014184397163120566, '2823365752': 0.0014184397163120566, '98507571': 0.0014184397163120566, '1324484900': 0.0015957446808510637, '113558461': 0.0014184397163120566, '1078135514': 0.0014184397163120566, '32193400': 0.0014184397163120566, '244800362': 0.0014184397163120566, '89064820': 0.0014184397163120566, '125705484': 0.0014184397163120566, '355330805': 0.0014184397163120566, '285918872': 0.0015957446808510637, '5145791': 0.0014184397163120566, '176618486': 0.0014184397163120566, '476847191': 0.0014184397163120566, '30756405': 0.0014184397163120566, '138214798': 0.0014184397163120566, '261998773': 0.0014184397163120566, '47055461': 0.0014184397163120566, '946240344': 0.0014184397163120566, '215693617': 0.0015957446808510637, '238900426': 0.0014184397163120566, '2165707725': 0.0014184397163120566, '59142522': 0.0014184397163120566, '288311732': 0.0014184397163120566, '186794612': 0.0014184397163120566, '315161628': 0.0014184397163120566, '431116819': 0.0014184397163120566, '705564782': 0.0014184397163120566, '260129352': 0.0014184397163120566, '2752351166': 0.0014184397163120566, '829881710': 0.0014184397163120566, '827768222': 0.0014184397163120566, '15300487': 0.0014184397163120566, '932140800': 0.0014184397163120566, '1688442932': 0.0014184397163120566, '23196051': 0.0014184397163120566, '196138324': 0.0014184397163120566, '29636510': 0.0014184397163120566, '2182724641': 0.0014184397163120566, '26878373': 0.0015957446808510637, '252382762': 0.0014184397163120566, '743566470': 0.0015957446808510637, '178806901': 0.0014184397163120566, '103209030': 0.0015957446808510637, '25537074': 0.0014184397163120566, '52881387': 0.0014184397163120566, '2869126934': 0.0014184397163120566, '80937924': 0.0014184397163120566, '137776292': 0.0014184397163120566, '637114435': 0.0014184397163120566, '2780184325': 0.0014184397163120566, '717364921': 0.0014184397163120566, '40388991': 0.0015957446808510637, '16085441': 0.0014184397163120566, '291462700': 0.0014184397163120566, '597112352': 0.0014184397163120566, '1455207902': 0.0014184397163120566, '186914882': 0.0014184397163120566, '565084558': 0.0014184397163120566, '124852615': 0.0014184397163120566, '2620095872': 0.0014184397163120566, '2229768591': 0.0014184397163120566, '239640369': 0.0014184397163120566, '16047793': 0.0014184397163120566, '323825179': 0.0014184397163120566, '55856471': 0.0014184397163120566, '485565313': 0.0014184397163120566, '353784372': 0.0014184397163120566, '937139208': 0.0014184397163120566, '48887547': 0.0014184397163120566, '10925562': 0.0015957446808510637, '1437417487': 0.0014184397163120566, '590177097': 0.0014184397163120566, '2603712745': 0.0014184397163120566, '718042011': 0.0014184397163120566, '275942684': 0.0014184397163120566, '818302412': 0.0014184397163120566, '2785595698': 0.0014184397163120566, '27579192': 0.0014184397163120566, '17871004': 0.0014184397163120566, '225838288': 0.0014184397163120566, '413203502': 0.0014184397163120566, '1881536468': 0.0014184397163120566, '286370895': 0.0014184397163120566, '341627543': 0.0014184397163120566, '52405670': 0.0014184397163120566, '19191774': 0.0014184397163120566, '34590705': 0.0014184397163120566, '423414849': 0.0014184397163120566, '286334882': 0.0015957446808510637, '333759611': 0.0014184397163120566, '2674848704': 0.0014184397163120566, '242957669': 0.0014184397163120566, '2237167544': 0.0014184397163120566, '5676812': 0.0014184397163120566, '2342954575': 0.0014184397163120566, '2761853959': 0.0014184397163120566, '990164244': 0.0014184397163120566, '2762611226': 0.0014184397163120566, '67585143': 0.0014184397163120566, '2262939909': 0.0014184397163120566, '132719433': 0.0014184397163120566, '22937014': 0.0014184397163120566, '2343653733': 0.0014184397163120566, '2724215808': 0.0014184397163120566, '127159543': 0.0014184397163120566, '63271117': 0.0014184397163120566, '2756951092': 0.0014184397163120566, '370606971': 0.0014184397163120566, '61844078': 0.0023936170212765957, '2602289420': 0.0014184397163120566, '77894697': 0.0014184397163120566, '157007174': 0.0015957446808510637, '138832318': 0.0014184397163120566, '2543427014': 0.0014184397163120566, '137684311': 0.0014184397163120566, '347910999': 0.0014184397163120566, '193156404': 0.0014184397163120566, '594961497': 0.0014184397163120566, '1436098141': 0.0014184397163120566, '491076241': 0.0014184397163120566, '21876643': 0.0014184397163120566, '607908342': 0.0014184397163120566, '2579625246': 0.0014184397163120566, '214767708': 0.0014184397163120566, '2471894959': 0.0014184397163120566, '2239326216': 0.0014184397163120566, '76072774': 0.0014184397163120566, '49880944': 0.0014184397163120566, '489618487': 0.0014184397163120566, '19991890': 0.0014184397163120566, '34267356': 0.0014184397163120566, '757110062': 0.0014184397163120566, '51286407': 0.0015957446808510637, '69004966': 0.0014184397163120566, '2184871242': 0.0014184397163120566, '242856363': 0.0014184397163120566, '67425557': 0.0015957446808510637, '28160374': 0.0014184397163120566, '52279659': 0.0014184397163120566, '110221912': 0.0014184397163120566, '571891509': 0.0014184397163120566, '1324799269': 0.0014184397163120566, '482416522': 0.0015957446808510637, '29593772': 0.0015957446808510637, '49979082': 0.0014184397163120566, '2540521810': 0.0014184397163120566, '544427283': 0.0015957446808510637, '255681656': 0.0014184397163120566, '803494326': 0.0014184397163120566, '391157162': 0.0015957446808510637, '249916090': 0.0014184397163120566, '242557699': 0.0014184397163120566, '2699356161': 0.0014184397163120566, '450244239': 0.0014184397163120566, '995979414': 0.0014184397163120566, '1362799170': 0.0014184397163120566, '2409167293': 0.0014184397163120566, '580519615': 0.0015957446808510637, '73400415': 0.0014184397163120566, '47684286': 0.0015957446808510637, '1723392776': 0.0014184397163120566, '117549354': 0.0014184397163120566, '32884165': 0.0014184397163120566, '28049003': 0.0014184397163120566, '311070823': 0.0014184397163120566, '309411152': 0.0015957446808510637, '119568024': 0.0014184397163120566, '277117828': 0.0014184397163120566, '246103': 0.0014184397163120566, '245491994': 0.0014184397163120566, '2463065714': 0.0014184397163120566, '395712258': 0.0014184397163120566, '720356851': 0.0014184397163120566, '61476544': 0.0014184397163120566, '71151452': 0.0015957446808510637, '2793120892': 0.0015957446808510637, '2485737080': 0.0014184397163120566, '56819005': 0.0014184397163120566, '267958518': 0.0014184397163120566, '80361257': 0.0014184397163120566, '156854104': 0.0017021276595744683, '14079152': 0.0014184397163120566, '942039997': 0.0014184397163120566, '55509865': 0.0014184397163120566, '449054112': 0.0014184397163120566, '22877951': 0.0014184397163120566, '59549064': 0.0014184397163120566, '329338514': 0.0014184397163120566, '2671032349': 0.0014184397163120566, '142679213': 0.0014184397163120566, '1597225585': 0.0014184397163120566, '83946610': 0.0014184397163120566, '1322868552': 0.0014184397163120566, '200598623': 0.0015957446808510637, '62178788': 0.0014184397163120566, '608892367': 0.0014184397163120566, '135455605': 0.0014184397163120566, '338460935': 0.0015957446808510637, '136167511': 0.0017021276595744683, '382640191': 0.0014184397163120566, '312253106': 0.0014184397163120566, '2366151': 0.0015957446808510637, '586521218': 0.0017021276595744683, '132952814': 0.0015957446808510637, '198711475': 0.0014184397163120566, '1080786510': 0.0017021276595744683, '2271398425': 0.0014184397163120566, '72360319': 0.0014184397163120566, '156166269': 0.0014184397163120566, '145862955': 0.0014184397163120566, '1703753791': 0.0014184397163120566, '344183143': 0.0014184397163120566, '50799216': 0.0014184397163120566, '7565462': 0.0014184397163120566, '14559584': 0.0015957446808510637, '35415205': 0.0015957446808510637, '65736385': 0.0014184397163120566, '292093934': 0.0014184397163120566, '617887740': 0.0014184397163120566, '62426949': 0.0014184397163120566, '2229105008': 0.0014184397163120566, '312286721': 0.0014184397163120566, '357231880': 0.0014184397163120566, '19413377': 0.0014184397163120566, '2807115121': 0.0014184397163120566, '246614123': 0.0014184397163120566, '376448601': 0.0015957446808510637, '161338474': 0.0015957446808510637, '124936128': 0.0014184397163120566, '8777002': 0.0014184397163120566, '110657314': 0.0015957446808510637, '323583005': 0.0015957446808510637, '29713568': 0.0014184397163120566, '13099932': 0.0017021276595744683, '375865811': 0.0014184397163120566, '67778641': 0.0014184397163120566, '14830887': 0.0015957446808510637, '206792061': 0.0014184397163120566, '14661407': 0.0014184397163120566, '62862066': 0.0015957446808510637, '359615625': 0.0014184397163120566, '21861033': 0.0015957446808510637, '15561694': 0.0015957446808510637, '19535737': 0.0014184397163120566, '29547150': 0.0015957446808510637, '28163598': 0.0014184397163120566, '165061037': 0.0014184397163120566, '173132385': 0.0015957446808510637, '2165985997': 0.0014184397163120566, '15149414': 0.0015957446808510637, '601087282': 0.0015957446808510637, '378632184': 0.0014184397163120566, '44357719': 0.0014184397163120566, '20727451': 0.0014184397163120566, '22278133': 0.0014184397163120566, '1692174140': 0.0014184397163120566, '34051662': 0.0015957446808510637, '149656428': 0.0014184397163120566, '42227473': 0.0017021276595744683, '2840858000': 0.0015957446808510637, '21539286': 0.0015957446808510637, '351219612': 0.0015957446808510637, '1601949775': 0.0014184397163120566, '34206095': 0.0015957446808510637, '443234503': 0.0015957446808510637, '68442584': 0.0014184397163120566, '7669702': 0.0015957446808510637, '79966746': 0.0014184397163120566, '25181713': 0.0014184397163120566, '2577084776': 0.0014184397163120566, '385628927': 0.0014184397163120566, '32123594': 0.0014184397163120566, '2196705710': 0.0014184397163120566, '3431581': 0.0015957446808510637, '286826025': 0.0014184397163120566, '33084026': 0.0015957446808510637, '84123196': 0.0014184397163120566, '21352952': 0.0015957446808510637, '219458855': 0.0014184397163120566, '16191163': 0.0015957446808510637, '191324405': 0.0015957446808510637, '631677098': 0.0015957446808510637, '227598323': 0.0014184397163120566, '15019740': 0.0014184397163120566, '10990952': 0.0015957446808510637, '182225709': 0.0014184397163120566, '2434078693': 0.0015957446808510637, '376778699': 0.0015957446808510637, '2289917954': 0.0014184397163120566, '60451395': 0.0014184397163120566, '83226854': 0.0014184397163120566, '253910519': 0.0015957446808510637, '1262476670': 0.0014184397163120566, '965298974': 0.0014184397163120566, '625431827': 0.0014184397163120566, '74305047': 0.0014184397163120566, '2841613989': 0.0014184397163120566, '166748816': 0.0014184397163120566, '21345227': 0.0014184397163120566, '19956477': 0.0014184397163120566, '391650642': 0.0014184397163120566, '108296921': 0.0014184397163120566, '153064061': 0.0015957446808510637, '974414870': 0.0014184397163120566, '142885184': 0.0014184397163120566, '59479084': 0.0014184397163120566, '29785472': 0.0014184397163120566, '178454889': 0.0014184397163120566, '53252614': 0.0014184397163120566, '88954813': 0.0014184397163120566, '2251186733': 0.0014184397163120566, '732882626': 0.0014184397163120566, '2772305506': 0.0014184397163120566, '278355142': 0.0014184397163120566, '27267445': 0.0015957446808510637, '105497418': 0.0014184397163120566, '2340601591': 0.0014184397163120566, '335087651': 0.0014184397163120566, '82369457': 0.0015957446808510637, '774882384': 0.0014184397163120566, '373030309': 0.0014184397163120566, '601585850': 0.0015957446808510637, '332745636': 0.0014184397163120566, '12514': 0.0014184397163120566, '20397901': 0.0014184397163120566, '1184171281': 0.0014184397163120566, '2757727221': 0.0014184397163120566, '2422476056': 0.0014184397163120566, '997': 0.0015957446808510637, '244086046': 0.0014184397163120566, '247365933': 0.0015957446808510637, '179651098': 0.0014184397163120566, '31437426': 0.0014184397163120566, '1129930010': 0.0014184397163120566, '16965928': 0.0014184397163120566, '17088530': 0.0014184397163120566, '48971317': 0.0014184397163120566, '2229192226': 0.0014184397163120566, '248668138': 0.0017021276595744683, '108842988': 0.0015957446808510637, '161020319': 0.0014184397163120566, '332027371': 0.0014184397163120566, '474439533': 0.0014184397163120566, '39948932': 0.0014184397163120566, '2847319834': 0.0014184397163120566, '37091176': 0.0015957446808510637, '296167357': 0.0014184397163120566, '31157715': 0.0014184397163120566, '189394605': 0.0014184397163120566, '105303415': 0.0014184397163120566, '1037743412': 0.0014184397163120566, '276619203': 0.0014184397163120566, '1031734616': 0.0014184397163120566, '136154745': 0.0015957446808510637, '1604280392': 0.0014184397163120566, '27326289': 0.0015957446808510637, '409219776': 0.0014184397163120566, '108676479': 0.0014184397163120566, '1381166982': 0.0014184397163120566, '114127649': 0.0014184397163120566, '614295832': 0.0015957446808510637, '18627541': 0.0014184397163120566, '220738193': 0.0014184397163120566, '351860076': 0.0014184397163120566, '217733690': 0.0014184397163120566, '121290564': 0.0015957446808510637, '147940111': 0.0015957446808510637, '99122519': 0.0014184397163120566, '241292532': 0.0017021276595744683, '106364600': 0.0014184397163120566, '57075332': 0.0015957446808510637, '19128874': 0.0015957446808510637, '1384160306': 0.0014184397163120566, '59196713': 0.002127659574468085, '2597893255': 0.0014184397163120566, '2258284244': 0.0015957446808510637, '2349017615': 0.0014184397163120566, '434840781': 0.0014184397163120566, '1530001045': 0.0014184397163120566, '204825100': 0.0014184397163120566, '948894055': 0.0014184397163120566, '508214922': 0.0015957446808510637, '2216598879': 0.0014184397163120566, '950665332': 0.0014184397163120566, '19002424': 0.0017021276595744683, '358311869': 0.0014184397163120566, '15492661': 0.0014184397163120566, '211553568': 0.0014184397163120566, '353660987': 0.0014184397163120566, '2873923472': 0.0028368794326241132, '2663983909': 0.0014184397163120566, '5665242': 0.0014184397163120566, '53478557': 0.0014184397163120566, '2332927237': 0.0014184397163120566, '280588830': 0.0014184397163120566, '328756230': 0.0014184397163120566, '304508532': 0.0014184397163120566, '1861017686': 0.0014184397163120566, '2793281288': 0.0015957446808510637, '492769213': 0.0014184397163120566, '16727183': 0.0014184397163120566, '22797045': 0.0014184397163120566, '436100377': 0.0015957446808510637, '1160268409': 0.0014184397163120566, '2210001836': 0.0014184397163120566, '2696410233': 0.0014184397163120566, '598701017': 0.0014184397163120566, '35598426': 0.0014184397163120566, '1354376870': 0.0014184397163120566, '2266500120': 0.0015957446808510637, '17390256': 0.0015957446808510637, '270226540': 0.0014184397163120566, '2467586373': 0.0014184397163120566, '2345973419': 0.0015957446808510637, '240786850': 0.0015957446808510637, '2417025056': 0.0014184397163120566, '25901101': 0.0014184397163120566, '824105742': 0.0014184397163120566, '701434176': 0.0014184397163120566, '211612361': 0.0014184397163120566, '2676516424': 0.0014184397163120566, '20965072': 0.0014184397163120566, '1641319554': 0.0014184397163120566, '1930441093': 0.0014184397163120566, '374600816': 0.0014184397163120566, '930594271': 0.0014184397163120566, '135987686': 0.0014184397163120566, '91342825': 0.0014184397163120566, '15175822': 0.0014184397163120566, '229108740': 0.0014184397163120566, '1127227201': 0.0014184397163120566, '89265769': 0.0014184397163120566, '66051231': 0.0017730496453900709, '15518530': 0.0015957446808510637, '36965237': 0.0014184397163120566, '337469314': 0.0014184397163120566, '2408067523': 0.0015957446808510637, '258327208': 0.0015957446808510637, '26611816': 0.0014184397163120566, '394376469': 0.0014184397163120566, '2360409169': 0.0014184397163120566, '33296120': 0.0014184397163120566, '15236634': 0.0015957446808510637, '18879274': 0.0014184397163120566, '856894412': 0.0015957446808510637, '44694966': 0.0017021276595744683, '37180297': 0.0014184397163120566, '293992685': 0.0014184397163120566, '437227352': 0.0014184397163120566, '59536395': 0.0014184397163120566, '31653264': 0.0014184397163120566, '184009784': 0.0014184397163120566, '14222304': 0.0017021276595744683, '71959874': 0.0014184397163120566, '805530769': 0.0015957446808510637, '2724409353': 0.0014184397163120566, '1717532407': 0.0014184397163120566, '588595591': 0.0014184397163120566, '114388311': 0.0014184397163120566, '316125117': 0.0015957446808510637, '634703002': 0.0014184397163120566, '149130144': 0.0014184397163120566, '102581124': 0.0015957446808510637, '1620752018': 0.0014184397163120566, '106145627': 0.0015957446808510637, '210993736': 0.0015957446808510637, '245370629': 0.0014184397163120566, '129078113': 0.0014184397163120566, '519190168': 0.0015957446808510637, '16623075': 0.0017021276595744683, '2149607430': 0.0015957446808510637, '797497100': 0.0014184397163120566, '327668990': 0.0014184397163120566, '92260630': 0.0014184397163120566, '42768410': 0.0014184397163120566, '15970567': 0.0014184397163120566, '125107863': 0.0015957446808510637, '6302842': 0.0017021276595744683, '17807472': 0.0015957446808510637, '135366889': 0.0014184397163120566, '21104312': 0.0014184397163120566, '961180856': 0.0014184397163120566, '1905015793': 0.0014184397163120566, '1586471082': 0.0014184397163120566, '186572678': 0.0014184397163120566, '15998041': 0.0014184397163120566, '439778499': 0.0015957446808510637, '724628834': 0.0014184397163120566, '542749245': 0.0014184397163120566, '18213163': 0.0014184397163120566, '45371313': 0.0014184397163120566, '56018475': 0.0015957446808510637, '457690799': 0.0014184397163120566, '467158577': 0.0014184397163120566, '413783592': 0.0014184397163120566, '20119607': 0.0014184397163120566, '2182159565': 0.0014184397163120566, '1965029827': 0.0014184397163120566, '991716578': 0.0014184397163120566, '2410870225': 0.0014184397163120566, '27007885': 0.0014184397163120566, '356923885': 0.0014184397163120566, '257712160': 0.0014184397163120566, '312437876': 0.0015957446808510637, '48072748': 0.0014184397163120566, '846859399': 0.0014184397163120566, '360848085': 0.0014184397163120566, '247579378': 0.0014184397163120566, '2489684918': 0.0014184397163120566, '1423531074': 0.0015957446808510637, '615356461': 0.0014184397163120566, '217011685': 0.0014184397163120566, '1457006184': 0.0014184397163120566, '1546194625': 0.0014184397163120566, '204759328': 0.0014184397163120566, '47674667': 0.0014184397163120566, '16176702': 0.0014184397163120566, '504763230': 0.0014184397163120566, '15277995': 0.0014184397163120566, '192313778': 0.0014184397163120566, '164314179': 0.0014184397163120566, '229924530': 0.0014184397163120566, '256547762': 0.0014184397163120566, '36735770': 0.0023936170212765957, '115436992': 0.0014184397163120566, '11861072': 0.0015957446808510637, '387244656': 0.0015957446808510637, '461672054': 0.0014184397163120566, '36073910': 0.0014184397163120566, '294396285': 0.0014184397163120566, '54949405': 0.0014184397163120566, '501877633': 0.0014184397163120566, '2867155622': 0.0014184397163120566, '342170721': 0.0017021276595744683, '12672492': 0.0014184397163120566, '31374413': 0.0014184397163120566, '2676441821': 0.0014184397163120566, '435209264': 0.0014184397163120566, '2188991938': 0.0014184397163120566, '2393566206': 0.0014184397163120566, '245696966': 0.0014184397163120566, '574981185': 0.0014184397163120566, '67910712': 0.0014184397163120566, '116860927': 0.0015957446808510637, '832482386': 0.0017021276595744683, '97519068': 0.0014184397163120566, '14434647': 0.0017021276595744683, '72930853': 0.0014184397163120566, '128995835': 0.0017021276595744683, '15007008': 0.0015957446808510637, '150361594': 0.0015957446808510637, '757248236': 0.0015957446808510637, '44872009': 0.0014184397163120566, '253171528': 0.0014184397163120566, '26097757': 0.0014184397163120566, '18179415': 0.0014184397163120566, '258335382': 0.0014184397163120566, '12897722': 0.0015957446808510637, '256189347': 0.0014184397163120566, '87703600': 0.0015957446808510637, '2737674672': 0.0014184397163120566, '1043839590': 0.0014184397163120566, '1416856825': 0.0015957446808510637, '903248551': 0.0014184397163120566, '99197912': 0.0017021276595744683, '160975748': 0.0014184397163120566, '23687917': 0.0014184397163120566, '547839306': 0.0014184397163120566, '76937153': 0.0014184397163120566, '1380197070': 0.0014184397163120566, '75390693': 0.0014184397163120566, '296431804': 0.0017021276595744683, '1336534615': 0.0014184397163120566, '156516386': 0.0014184397163120566, '2792247867': 0.0014184397163120566, '334289052': 0.0014184397163120566, '2794768960': 0.0014184397163120566, '150661180': 0.0014184397163120566, '114879828': 0.0014184397163120566, '857902530': 0.0014184397163120566, '2282880248': 0.0014184397163120566, '1190444628': 0.0014184397163120566, '1510771129': 0.0014184397163120566, '357040862': 0.0017021276595744683, '465570356': 0.0015957446808510637, '145936614': 0.0014184397163120566, '131031511': 0.0014184397163120566, '2803129685': 0.0015957446808510637, '28543715': 0.0014184397163120566, '367987307': 0.0014184397163120566, '2417583495': 0.0014184397163120566, '814667': 0.0014184397163120566, '1552882350': 0.0014184397163120566, '2342154031': 0.0014184397163120566, '36263735': 0.0014184397163120566, '21140429': 0.0015957446808510637, '864619646': 0.0014184397163120566, '1674561577': 0.0014184397163120566, '31684221': 0.0014184397163120566, '225280670': 0.0017021276595744683, '2249729852': 0.0014184397163120566, '226453061': 0.0017730496453900709, '59112767': 0.0014184397163120566, '76069882': 0.0015957446808510637, '1093711638': 0.0015957446808510637, '1137913928': 0.0014184397163120566, '775861': 0.0015957446808510637, '23799251': 0.0014184397163120566, '31757935': 0.0014184397163120566, '348854439': 0.0014184397163120566, '83190446': 0.0014184397163120566, '487168474': 0.0015957446808510637, '448714468': 0.0014184397163120566, '521525028': 0.0014184397163120566, '109072111': 0.0014184397163120566, '490312464': 0.0014184397163120566, '39768969': 0.0014184397163120566, '67627023': 0.0017021276595744683, '431179408': 0.0015957446808510637, '37435889': 0.0014184397163120566, '973123644': 0.0014184397163120566, '305894011': 0.0015957446808510637, '2337153800': 0.0014184397163120566, '2489865147': 0.0014184397163120566, '560481984': 0.0014184397163120566, '632398000': 0.0014184397163120566, '2382894691': 0.0014184397163120566, '24945331': 0.0014184397163120566, '18837100': 0.0014184397163120566, '2611679274': 0.0014184397163120566, '1084087334': 0.0014184397163120566, '174554002': 0.0014184397163120566, '247163518': 0.0017021276595744683, '363582297': 0.0014184397163120566, '363199891': 0.0014184397163120566, '34346550': 0.0015957446808510637, '37394967': 0.0014184397163120566, '1042575452': 0.0015957446808510637, '256374572': 0.0014184397163120566, '2224014040': 0.0014184397163120566, '19615483': 0.0015957446808510637, '908500993': 0.0014184397163120566, '178736617': 0.0014184397163120566, '85059230': 0.0015957446808510637, '259003229': 0.0014184397163120566, '16390652': 0.0015957446808510637, '54661743': 0.0014184397163120566, '53469512': 0.0014184397163120566, '10052072': 0.0015957446808510637, '47491845': 0.0014184397163120566, '74836878': 0.0017021276595744683, '17681048': 0.0015957446808510637, '2422886785': 0.0014184397163120566, '239912344': 0.0015957446808510637, '50251957': 0.0014184397163120566, '37789486': 0.0017021276595744683, '362100154': 0.0015957446808510637, '703722876': 0.0015957446808510637, '475115293': 0.0014184397163120566, '376525917': 0.0015957446808510637, '324560356': 0.0014184397163120566, '14086979': 0.0017021276595744683, '27395705': 0.0015957446808510637, '249517982': 0.0014184397163120566, '2294993113': 0.0014184397163120566, '15152959': 0.0014184397163120566, '42117969': 0.0015957446808510637, '14176150': 0.0017021276595744683, '415159974': 0.0015957446808510637, '207617689': 0.0014184397163120566, '15254045': 0.0015957446808510637, '906384307': 0.0014184397163120566, '18415065': 0.0014184397163120566, '300914616': 0.0014184397163120566, '70735083': 0.0014184397163120566, '1357347697': 0.0014184397163120566, '1000500883': 0.0014184397163120566, '424121635': 0.0014184397163120566, '1536924265': 0.0014184397163120566, '719129181': 0.0014184397163120566, '317126349': 0.0015957446808510637, '80097496': 0.0014184397163120566, '3946': 0.0014184397163120566, '166585467': 0.0014184397163120566, '84240801': 0.0015957446808510637, '2209686697': 0.0014184397163120566, '80662188': 0.0015957446808510637, '520154692': 0.0014184397163120566, '122240934': 0.0015957446808510637, '944820686': 0.0015957446808510637, '1852876046': 0.0015957446808510637, '40241204': 0.0015957446808510637, '2619163263': 0.0014184397163120566, '90347315': 0.0014184397163120566, '20858354': 0.0014184397163120566, '76965309': 0.0014184397163120566, '210583037': 0.0014184397163120566, '411807195': 0.0015957446808510637, '20559148': 0.0014184397163120566, '16444089': 0.0014184397163120566, '294262386': 0.0014184397163120566, '20525873': 0.0017021276595744683, '459377291': 0.0014184397163120566, '30064493': 0.0014184397163120566, '59307395': 0.0015957446808510637, '539629996': 0.0014184397163120566, '229900664': 0.0015957446808510637, '11141852': 0.0017021276595744683, '551187694': 0.0014184397163120566, '26289303': 0.0014184397163120566, '396679459': 0.0014184397163120566, '21519789': 0.0017021276595744683, '579199549': 0.0014184397163120566, '333944401': 0.0014184397163120566, '235389568': 0.0014184397163120566, '224166710': 0.0014184397163120566, '2173480439': 0.0015957446808510637, '510130919': 0.0014184397163120566, '105897714': 0.0014184397163120566, '76534080': 0.0014184397163120566, '102736439': 0.0015957446808510637, '470293595': 0.0015957446808510637, '99630569': 0.0017021276595744683, '126687701': 0.0014184397163120566, '46393468': 0.0014184397163120566, '469516139': 0.0014184397163120566, '229683143': 0.0015957446808510637, '25111843': 0.0015957446808510637, '318342349': 0.0014184397163120566, '14370195': 0.0014184397163120566, '41900545': 0.0014184397163120566, '879438012': 0.0014184397163120566, '37462382': 0.0014184397163120566, '36150423': 0.0014184397163120566, '1239821220': 0.0014184397163120566, '578275620': 0.0014184397163120566, '2452486260': 0.0015957446808510637, '2740323357': 0.0014184397163120566, '246705115': 0.0015957446808510637, '1171048585': 0.0014184397163120566, '742007929': 0.0014184397163120566, '519504650': 0.0017021276595744683, '517947130': 0.0014184397163120566, '127091350': 0.0014184397163120566, '16026704': 0.0014184397163120566, '1486117886': 0.0014184397163120566, '106702194': 0.0014184397163120566, '32772630': 0.0014184397163120566, '526314347': 0.0014184397163120566, '34166681': 0.0014184397163120566, '948973447': 0.0014184397163120566, '1219928870': 0.0014184397163120566, '146792585': 0.0014184397163120566, '611331257': 0.0014184397163120566, '2372496690': 0.0014184397163120566, '1644498936': 0.0014184397163120566, '157846916': 0.0015957446808510637, '1070587861': 0.0015957446808510637, '145130236': 0.0014184397163120566, '2493351453': 0.0014184397163120566, '614476400': 0.0014184397163120566, '2491863991': 0.0014184397163120566, '2649605396': 0.0014184397163120566, '2491939135': 0.0014184397163120566, '17954523': 0.0015957446808510637, '728599008': 0.0014184397163120566, '2855115082': 0.0014184397163120566, '2805072496': 0.0014184397163120566, '2763520001': 0.0014184397163120566, '349533867': 0.0017021276595744683, '95030641': 0.0017021276595744683, '1214348562': 0.0014184397163120566, '382852141': 0.0015957446808510637, '4393201': 0.0015957446808510637, '1368608016': 0.0014184397163120566, '23869801': 0.0015957446808510637}
