number_of_nodes: 887
number_of_edges: 888
cascade_size: 886
tree_depth: 8
in_degree_distribution: [0, 1, 1, 1, 1, 1, 1, 1, 1, 1, 1, 1, 1, 1, 1, 1, 1, 1, 1, 1, 1, 1, 1, 1, 1, 1, 1, 1, 1, 1, 1, 1, 1, 1, 1, 1, 1, 1, 1, 1, 1, 1, 1, 1, 1, 1, 1, 1, 1, 1, 1, 1, 1, 1, 1, 1, 1, 1, 1, 1, 1, 1, 1, 1, 1, 1, 1, 1, 1, 1, 1, 1, 1, 1, 1, 1, 1, 1, 1, 1, 1, 1, 1, 1, 1, 1, 1, 1, 1, 1, 1, 1, 1, 1, 1, 1, 1, 1, 1, 1, 1, 1, 1, 1, 1, 1, 1, 1, 1, 1, 1, 1, 1, 1, 1, 1, 1, 1, 1, 1, 1, 1, 1, 1, 1, 1, 1, 1, 1, 1, 1, 1, 1, 1, 1, 1, 1, 1, 1, 1, 1, 1, 1, 1, 1, 1, 1, 1, 1, 1, 1, 1, 2, 1, 1, 1, 1, 1, 1, 1, 1, 1, 1, 1, 1, 1, 1, 1, 1, 1, 1, 1, 1, 1, 1, 1, 1, 1, 1, 1, 1, 1, 1, 1, 1, 1, 1, 1, 1, 1, 1, 1, 1, 1, 1, 1, 1, 1, 1, 1, 1, 1, 1, 1, 1, 1, 1, 1, 1, 1, 1, 1, 1, 1, 1, 1, 1, 1, 1, 1, 1, 1, 1, 1, 1, 1, 1, 1, 1, 1, 1, 1, 1, 1, 1, 1, 1, 1, 1, 1, 1, 1, 1, 1, 1, 1, 1, 1, 1, 1, 1, 1, 1, 1, 1, 1, 1, 1, 1, 1, 1, 1, 1, 1, 1, 1, 1, 1, 1, 1, 1, 1, 1, 1, 1, 1, 1, 1, 1, 1, 1, 1, 1, 1, 1, 1, 1, 1, 1, 1, 1, 1, 1, 1, 1, 1, 1, 1, 1, 1, 1, 1, 1, 1, 1, 1, 1, 1, 1, 1, 1, 1, 1, 1, 1, 1, 1, 1, 1, 1, 1, 1, 1, 1, 1, 1, 1, 2, 1, 1, 1, 1, 1, 1, 1, 1, 1, 1, 1, 1, 1, 1, 1, 1, 1, 1, 1, 1, 1, 1, 1, 1, 1, 1, 1, 1, 1, 1, 1, 1, 1, 1, 1, 1, 1, 1, 1, 1, 1, 1, 1, 1, 1, 1, 1, 1, 1, 1, 1, 1, 1, 1, 1, 1, 1, 1, 1, 1, 1, 1, 1, 1, 1, 1, 1, 1, 1, 1, 1, 1, 1, 1, 1, 1, 1, 1, 1, 1, 1, 1, 1, 1, 1, 1, 1, 1, 1, 1, 1, 1, 1, 1, 1, 1, 1, 1, 1, 1, 1, 1, 1, 1, 1, 1, 1, 1, 1, 1, 1, 1, 1, 1, 1, 1, 1, 1, 1, 1, 1, 1, 1, 1, 1, 1, 1, 1, 1, 1, 1, 1, 1, 1, 1, 1, 1, 1, 1, 1, 1, 1, 1, 1, 1, 1, 1, 1, 1, 1, 1, 1, 1, 1, 1, 1, 1, 1, 1, 1, 1, 1, 1, 1, 1, 1, 1, 1, 1, 1, 1, 1, 1, 1, 1, 1, 1, 1, 1, 1, 1, 1, 1, 1, 1, 1, 1, 1, 1, 1, 1, 1, 1, 1, 1, 1, 1, 1, 1, 1, 1, 1, 1, 1, 1, 1, 1, 1, 1, 1, 1, 1, 1, 1, 1, 1, 1, 1, 1, 1, 1, 1, 1, 1, 1, 1, 1, 1, 1, 1, 1, 1, 1, 1, 1, 1, 1, 1, 1, 1, 1, 1, 1, 1, 1, 1, 1, 1, 1, 1, 1, 1, 1, 1, 1, 1, 1, 1, 1, 1, 1, 1, 1, 1, 1, 1, 1, 1, 1, 1, 1, 1, 1, 1, 1, 1, 1, 1, 1, 1, 1, 1, 1, 1, 1, 1, 1, 1, 1, 1, 1, 1, 1, 1, 1, 1, 1, 1, 1, 1, 1, 1, 1, 1, 1, 1, 1, 1, 1, 1, 1, 1, 1, 1, 1, 1, 1, 1, 1, 1, 1, 1, 1, 1, 1, 1, 1, 1, 1, 1, 1, 1, 1, 1, 1, 1, 1, 1, 1, 1, 1, 1, 1, 1, 1, 1, 1, 1, 1, 1, 1, 1, 1, 1, 1, 1, 1, 1, 1, 1, 1, 1, 1, 1, 1, 1, 1, 1, 1, 1, 1, 1, 1, 1, 1, 1, 1, 1, 1, 1, 1, 1, 1, 1, 1, 1, 1, 1, 1, 1, 1, 1, 1, 1, 1, 1, 1, 1, 1, 1, 1, 1, 1, 1, 1, 1, 1, 1, 1, 1, 1, 1, 1, 1, 1, 1, 1, 1, 1, 1, 1, 1, 1, 1, 1, 1, 1, 1, 1, 1, 1, 1, 1, 1, 1, 1, 1, 1, 1, 1, 1, 1, 1, 1, 1, 1, 1, 1, 1, 1, 1, 1, 1, 1, 1, 1, 1, 1, 1, 1, 1, 1, 1, 1, 1, 1, 1, 1, 1, 1, 1, 1, 1, 1, 1, 1, 1, 1, 1, 1, 1, 1, 1, 1, 1, 1, 1, 1, 1, 1, 1, 1, 1, 1, 1, 1, 1, 1, 1, 1, 1, 1, 1, 1, 1, 1, 1, 1, 1, 1, 1, 1, 1, 1, 1, 1, 1, 1, 1, 1, 1, 1, 1, 1, 1, 1, 1, 1, 1, 1, 1, 1, 1, 1, 1, 1, 1, 1, 1, 1, 1, 1, 1, 1, 1, 1, 1, 1, 1, 1, 1, 1, 1, 1, 1, 1, 1, 1, 1]
out_degree_distribution: [1, 441, 0, 0, 0, 0, 1, 1, 0, 0, 0, 0, 0, 0, 0, 0, 0, 0, 0, 0, 1, 1, 0, 0, 1, 0, 1, 0, 2, 1, 0, 0, 1, 1, 0, 0, 0, 0, 2, 0, 1, 0, 0, 0, 0, 1, 1, 0, 0, 4, 1, 0, 1, 0, 1, 0, 0, 2, 1, 0, 3, 0, 0, 0, 0, 0, 1, 0, 1, 0, 3, 0, 0, 0, 0, 0, 0, 0, 0, 0, 0, 0, 0, 1, 3, 0, 0, 0, 0, 0, 0, 2, 0, 1, 1, 2, 0, 0, 0, 0, 0, 0, 2, 0, 0, 4, 0, 0, 0, 0, 1, 0, 1, 0, 3, 0, 0, 0, 0, 2, 0, 0, 2, 6, 0, 0, 0, 1, 0, 0, 0, 1, 0, 0, 1, 0, 0, 2, 1, 0, 0, 0, 1, 1, 1, 3, 0, 1, 0, 0, 1, 1, 2, 0, 1, 0, 2, 1, 0, 0, 0, 0, 2, 0, 0, 1, 1, 0, 0, 0, 0, 1, 0, 1, 2, 0, 0, 0, 0, 0, 1, 1, 1, 0, 0, 0, 0, 0, 5, 0, 0, 0, 0, 0, 0, 1, 0, 1, 0, 0, 0, 0, 0, 0, 0, 2, 0, 0, 0, 2, 1, 1, 5, 0, 0, 0, 1, 0, 8, 1, 0, 1, 0, 2, 2, 0, 0, 0, 0, 0, 0, 0, 0, 0, 0, 1, 0, 0, 0, 0, 0, 0, 2, 1, 0, 0, 0, 1, 0, 0, 1, 0, 0, 0, 0, 1, 1, 0, 1, 0, 0, 0, 1, 0, 0, 0, 0, 0, 0, 0, 1, 0, 1, 0, 0, 0, 1, 0, 0, 0, 0, 3, 1, 0, 0, 0, 0, 0, 0, 1, 1, 0, 1, 0, 0, 0, 0, 0, 1, 2, 0, 0, 0, 0, 0, 0, 0, 0, 0, 0, 0, 0, 1, 0, 0, 0, 0, 0, 0, 3, 0, 0, 1, 1, 1, 1, 0, 0, 1, 1, 1, 1, 0, 0, 1, 0, 2, 2, 0, 1, 0, 0, 0, 0, 0, 0, 0, 0, 0, 1, 0, 0, 0, 0, 0, 0, 0, 1, 0, 2, 0, 0, 0, 0, 1, 0, 0, 0, 0, 1, 0, 0, 2, 0, 0, 0, 1, 0, 0, 0, 0, 0, 0, 3, 1, 0, 0, 0, 0, 0, 0, 0, 0, 0, 0, 0, 0, 0, 0, 3, 0, 0, 1, 0, 0, 0, 0, 0, 1, 1, 0, 0, 0, 0, 0, 3, 0, 0, 1, 0, 1, 62, 0, 0, 0, 0, 0, 0, 1, 0, 0, 3, 0, 0, 0, 0, 0, 0, 0, 0, 0, 0, 0, 0, 1, 0, 0, 0, 0, 0, 0, 0, 0, 0, 0, 1, 1, 0, 1, 0, 1, 1, 0, 0, 0, 0, 0, 1, 1, 1, 0, 0, 0, 0, 0, 0, 0, 0, 0, 1, 0, 0, 0, 0, 0, 0, 0, 0, 0, 0, 0, 1, 1, 0, 0, 0, 0, 0, 0, 1, 0, 0, 1, 0, 1, 4, 0, 0, 0, 1, 0, 0, 0, 0, 1, 0, 0, 1, 0, 0, 0, 0, 0, 0, 0, 0, 0, 0, 0, 43, 0, 0, 0, 0, 0, 0, 1, 0, 0, 0, 0, 0, 0, 0, 1, 0, 1, 1, 0, 0, 0, 2, 0, 1, 2, 0, 0, 0, 0, 1, 0, 0, 0, 0, 1, 4, 0, 0, 0, 0, 0, 0, 0, 0, 0, 2, 0, 0, 0, 0, 0, 1, 0, 0, 1, 1, 0, 0, 0, 0, 1, 1, 0, 1, 1, 0, 4, 1, 2, 0, 2, 0, 0, 0, 0, 0, 0, 0, 0, 0, 0, 0, 0, 2, 0, 1, 0, 0, 0, 1, 0, 0, 0, 1, 0, 0, 0, 1, 0, 0, 0, 2, 0, 0, 0, 0, 0, 0, 0, 0, 0, 0, 0, 0, 0, 1, 0, 0, 6, 0, 0, 0, 0, 0, 0, 0, 2, 0, 0, 0, 0, 0, 0, 0, 0, 0, 0, 0, 1, 0, 0, 0, 0, 0, 1, 0, 0, 0, 0, 0, 2, 0, 1, 0, 0, 0, 0, 0, 0, 10, 2, 0, 0, 1, 0, 0, 0, 0, 1, 0, 0, 0, 0, 1, 0, 1, 0, 0, 1, 0, 0, 0, 1, 0, 0, 1, 0, 0, 0, 0, 0, 0, 0, 0, 0, 0, 0, 1, 0, 0, 0, 0, 1, 0, 0, 0, 0, 0, 1, 1, 0, 1, 0, 1, 0, 0, 0, 0, 1, 0, 1, 0, 0, 0, 0, 1, 0, 0, 0, 0, 0, 0, 1, 0, 1, 2, 0, 0, 0, 0, 0, 0, 0, 0, 0, 1, 0, 0, 0, 0, 1, 0, 0, 0, 1, 1, 1, 0, 6, 0, 0, 0, 0, 0, 0, 0, 0, 0, 0, 0, 0, 0, 0, 0, 1, 0, 0, 0, 0, 0, 0, 0, 0, 0, 0, 1, 0, 0, 0, 0, 0, 0, 0, 0, 0, 1, 0, 0, 0, 0, 0, 0, 0, 0, 0, 0, 0, 0, 1, 0, 0, 0, 0, 0, 0, 0, 1, 0, 0, 0, 5, 1, 0, 0, 0, 2, 0, 3, 0, 0, 0, 1, 0, 0, 1, 0, 0, 0, 0, 1, 0, 0, 1, 0, 0, 0, 0, 0, 0, 1, 0, 0, 1, 0, 0, 0, 0]
propagation_delay_min: 0.0
propagation_delay_mean: 1242.4710360360361
propagation_delay_max: 30282.0
reaction_time_min: 0.0
reaction_time_mean: 1242.4710360360361
reaction_time_max: 30282.0
betweenness_centrality: {'ROOT': 0.0, '16374678': 0.0011286681715575622, '23773506': 0.0, '566851683': 0.0, '3276477930': 0.0, '2445097776': 0.0, '23205096': 2.550662534593361e-06, '2206349964': 2.550662534593361e-06, '13142222': 0.0, '612289108': 0.0, '2280053328': 0.0, '4534984032': 0.0, '28696142': 0.0, '1225907048': 0.0, '24473608': 0.0, '187401183': 0.0, '64862109': 0.0, '29350475': 0.0, '636909319': 0.0, '3171720709': 0.0, '624003635': 2.550662534593361e-06, '2548820616': 2.550662534593361e-06, '1836129625': 0.0, '2565739032': 0.0, '451063197': 2.550662534593361e-06, '168792682': 0.0, '67269989': 2.550662534593361e-06, '1152931213': 0.0, '1426757245': 1.5303975207560165e-05, '139232801': 2.550662534593361e-06, '3162269586': 0.0, '126697892': 0.0, '604764226': 1.5303975207560165e-05, '340765247': 5.101325069186722e-06, '2246756444': 0.0, '1908672013': 0.0, '390569538': 0.0, '492654846': 0.0, '181823690': 5.101325069186722e-06, '1969854037': 0.0, '21717974': 2.550662534593361e-06, '2818037534': 0.0, '740030442': 0.0, '516717821': 0.0, '812186689': 0.0, '768365947': 7.651987603780082e-06, '209914222': 3.825993801890041e-06, '618397635': 0.0, '66460027': 0.0, '1343417947': 1.2753312672966804e-05, '636689311': 2.550662534593361e-06, '61552372': 0.0, '539546669': 2.550662534593361e-06, '395318362': 0.0, '403041627': 2.550662534593361e-06, '1367490552': 0.0, '599735159': 0.0, '867254568': 7.651987603780082e-06, '3243652993': 5.101325069186722e-06, '378282269': 0.0, '178628916': 1.2753312672966804e-05, '379644052': 0.0, '339797087': 0.0, '75105609': 0.0, '2350972604': 0.0, '1552288693': 0.0, '2198068596': 3.825993801890041e-06, '40619007': 0.0, '1214422908': 1.5303975207560165e-05, '146924919': 0.0, '1429459044': 1.2753312672966804e-05, '4502131880': 0.0, '573159607': 0.0, '1393528538': 0.0, '780001076': 0.0, '407863273': 0.0, '276875910': 0.0, '585401710': 0.0, '1090447736': 0.0, '1598971304': 0.0, '192087579': 0.0, '144430594': 0.0, '27527539': 0.0, '37034691': 3.825993801890041e-06, '597581219': 2.805728788052697e-05, '1526555070': 0.0, '55713868': 0.0, '1569154579': 0.0, '43444929': 0.0, '25191678': 0.0, '1944289550': 0.0, '3096899154': 7.651987603780082e-06, '2938437086': 0.0, '2224512606': 2.550662534593361e-06, '243005771': 3.825993801890041e-06, '528840058': 7.651987603780082e-06, '882779504': 0.0, '131974648': 0.0, '109682938': 0.0, '2400771980': 0.0, '852181464': 0.0, '606672089': 0.0, '705416521': 1.9129969009450208e-05, '981754076': 0.0, '3227605999': 0.0, '396470283': 2.6781956613230287e-05, '3285054020': 0.0, '2424505116': 0.0, '2526792640': 0.0, '2161690880': 0.0, '375592072': 2.550662534593361e-06, '2646545874': 0.0, '1529734261': 3.825993801890041e-06, '2742371595': 0.0, '524966636': 1.7854637742153526e-05, '1333125235': 0.0, '2317900382': 0.0, '227751371': 0.0, '591208024': 0.0, '1023588492': 1.5303975207560165e-05, '3231061591': 0.0, '364665086': 0.0, '625751419': 2.2955962811340247e-05, '1729073180': 3.570927548430705e-05, '1537002792': 0.0, '2917914222': 0.0, '2613158046': 0.0, '2341492262': 3.825993801890041e-06, '572086187': 0.0, '2562188513': 0.0, '52268389': 0.0, '3497241738': 2.6781956613230287e-05, '269995625': 0.0, '714820207': 0.0, '913938481': 7.651987603780082e-06, '3197640768': 0.0, '2757611915': 0.0, '2361427170': 3.315861294971369e-05, '1360910874': 5.101325069186722e-06, '2769748461': 0.0, '246639841': 0.0, '443924779': 0.0, '2471321658': 3.060795041512033e-05, '1000727832': 1.0202650138373443e-05, '2251491632': 7.651987603780082e-06, '1130177119': 2.6781956613230287e-05, '2418526944': 0.0, '1703075274': 2.550662534593361e-06, '1255607166': 0.0, '432912632': 0.0, '808045219': 2.550662534593361e-06, '321828308': 1.5303975207560165e-05, '2475814260': 4.973791942457054e-05, '827921376': 0.0, '454658295': 3.825993801890041e-06, '1117963268': 0.0, '2972575738': 1.0202650138373443e-05, '2574359203': 5.101325069186722e-06, '1290557227': 0.0, '3311787811': 0.0, '53750403': 0.0, '395745434': 0.0, '257188547': 7.651987603780082e-06, '1440150512': 0.0, '3937521192': 0.0, '2519186677': 2.550662534593361e-06, '2431278666': 7.651987603780082e-06, '3171688760': 0.0, '320962779': 0.0, '162471836': 0.0, '509090324': 0.0, '3247524126': 3.188328168241701e-05, '3783731534': 0.0, '255732839': 3.825993801890041e-06, '2173174422': 5.101325069186722e-06, '2271022868': 0.0, '4700095130': 0.0, '471665413': 0.0, '538672749': 0.0, '286517258': 0.0, '3164707644': 5.101325069186722e-06, '755526595': 2.550662534593361e-06, '2255606568': 6.376656336483402e-06, '803547920': 0.0, '496373024': 0.0, '348673165': 0.0, '1626686870': 0.0, '3302119821': 0.0, '1478227796': 4.5911925622680494e-05, '282917270': 0.0, '206049472': 0.0, '922478461': 0.0, '2957890026': 0.0, '68232757': 0.0, '2296927136': 0.0, '74618209': 2.550662534593361e-06, '249306798': 0.0, '1616806189': 3.825993801890041e-06, '2952867480': 0.0, '1671771337': 0.0, '1714487354': 0.0, '3028014349': 0.0, '1963718059': 0.0, '734241625': 0.0, '2273933431': 0.0, '347054854': 1.0202650138373443e-05, '1619211871': 0.0, '75192411': 0.0, '136775764': 0.0, '355233153': 7.651987603780082e-06, '2258537563': 2.550662534593361e-06, '1386138548': 3.825993801890041e-06, '1962007826': 4.973791942457054e-05, '157839783': 0.0, '1046221004': 0.0, '215463164': 0.0, '2440761372': 1.2753312672966804e-05, '1043513696': 0.0, '2329388424': 5.611457576105394e-05, '29880335': 1.0202650138373443e-05, '3018782328': 0.0, '634863272': 6.376656336483402e-06, '1067218860': 0.0, '2371205076': 5.101325069186722e-06, '1115580631': 7.651987603780082e-06, '219171011': 0.0, '378995054': 0.0, '406398427': 0.0, '233230434': 0.0, '3741188190': 0.0, '2434791571': 0.0, '2378320579': 0.0, '186203880': 0.0, '3839472374': 0.0, '3487727539': 0.0, '326625424': 2.550662534593361e-06, '2802473376': 0.0, '710103856': 0.0, '1081566918': 0.0, '2262351048': 0.0, '2406105674': 0.0, '1703792502': 0.0, '2238526987': 1.5303975207560165e-05, '24307362': 5.101325069186722e-06, '2451103345': 0.0, '207876269': 0.0, '3139680974': 0.0, '427167560': 5.101325069186722e-06, '2878987247': 0.0, '2538779078': 0.0, '52797399': 2.2955962811340247e-05, '2358624092': 0.0, '1609840200': 0.0, '2795547038': 0.0, '524016335': 0.0, '2825686243': 2.550662534593361e-06, '74869564': 3.825993801890041e-06, '2246204768': 0.0, '1107132691': 6.376656336483402e-06, '276813404': 0.0, '1462701966': 0.0, '228129736': 0.0, '389270242': 2.550662534593361e-06, '1253057971': 0.0, '1406831826': 0.0, '461620695': 0.0, '455485442': 0.0, '627575664': 0.0, '1061618293': 0.0, '2218260624': 0.0, '2328108330': 2.550662534593361e-06, '820630638': 0.0, '114148244': 2.550662534593361e-06, '1969076161': 0.0, '2305944943': 0.0, '1906046059': 0.0, '2332618723': 3.8259938018900415e-05, '210234942': 0.0, '1556170063': 0.0, '1214511757': 0.0, '1542391028': 0.0, '999902448': 1.0202650138373443e-05, '2257356074': 3.825993801890041e-06, '1641451483': 0.0, '2152105170': 0.0, '1458694800': 0.0, '2923282987': 0.0, '3060560178': 0.0, '32964534': 0.0, '2209732976': 2.550662534593361e-06, '2331121166': 5.101325069186722e-06, '2972583318': 0.0, '43633064': 3.825993801890041e-06, '470866889': 0.0, '256245867': 0.0, '554504365': 0.0, '637256284': 0.0, '1692946920': 0.0, '1461224904': 3.825993801890041e-06, '2364489414': 5.101325069186722e-06, '1387850184': 0.0, '966378782': 0.0, '1312077895': 0.0, '2441094288': 0.0, '1167157860': 0.0, '509726529': 0.0, '380635662': 0.0, '423961932': 0.0, '494337674': 0.0, '444050292': 0.0, '753326335': 0.0, '567426853': 0.0, '2610549205': 3.825993801890041e-06, '505180892': 0.0, '220265758': 0.0, '298585844': 0.0, '2417693138': 0.0, '3145503123': 0.0, '182120066': 0.0, '1404064999': 3.060795041512033e-05, '2215939908': 0.0, '500528884': 0.0, '92133575': 8.927318871076763e-06, '2222133314': 3.825993801890041e-06, '347642649': 2.550662534593361e-06, '3368157430': 2.550662534593361e-06, '1025438395': 0.0, '2360514920': 0.0, '1066297039': 7.651987603780082e-06, '3303732883': 0.0, '1007329339': 2.550662534593361e-06, '2474845888': 2.550662534593361e-06, '188626484': 0.0, '1468373454': 0.0, '1330617566': 2.550662534593361e-06, '1615667125': 0.0, '986032789': 5.101325069186722e-06, '425642374': 1.0202650138373443e-05, '4019264414': 0.0, '365817429': 7.651987603780082e-06, '60663409': 0.0, '44811323': 0.0, '2358771588': 0.0, '2413730592': 0.0, '1253702408': 0.0, '868348670': 0.0, '1564812277': 0.0, '1468608942': 0.0, '53589611': 0.0, '430004813': 5.101325069186722e-06, '2459158908': 0.0, '2735536386': 0.0, '1450212326': 0.0, '1445600204': 0.0, '317274895': 0.0, '733605127': 0.0, '4621136323': 0.0, '1005883915': 7.651987603780082e-06, '1429106126': 0.0, '2148148814': 1.2753312672966804e-05, '1544918796': 0.0, '2366763594': 0.0, '592521268': 0.0, '1531536506': 0.0, '3711951132': 2.550662534593361e-06, '366438784': 0.0, '1130054809': 0.0, '147858951': 0.0, '2310554804': 0.0, '2346089748': 5.101325069186722e-06, '931452943': 0.0, '1535772464': 0.0, '2191451191': 7.651987603780082e-06, '2720492332': 0.0, '420022954': 0.0, '120288551': 0.0, '321545008': 3.825993801890041e-06, '724744160': 0.0, '520082443': 0.0, '2970732220': 0.0, '3028648610': 0.0, '545751074': 0.0, '56629612': 0.0, '180524454': 1.0202650138373443e-05, '612285898': 3.825993801890041e-06, '63565854': 0.0, '1533035190': 0.0, '3174860797': 0.0, '1581693715': 0.0, '2989624334': 0.0, '1958111882': 0.0, '190543747': 0.0, '328302535': 0.0, '2380228407': 0.0, '1869350077': 0.0, '1916290213': 0.0, '2997296634': 0.0, '1337325445': 0.0, '2552155698': 0.0, '3187144843': 1.0202650138373443e-05, '587894045': 0.0, '1901165238': 0.0, '4684911709': 2.550662534593361e-06, '3315224449': 0.0, '3979629617': 0.0, '2879209493': 0.0, '2759957763': 0.0, '2734229809': 0.0, '2287211054': 5.101325069186722e-06, '4388257173': 3.825993801890041e-06, '1293405265': 0.0, '4326984147': 0.0, '2925075154': 0.0, '2838689491': 0.0, '1456254906': 0.0, '2763658311': 2.0405300276746886e-05, '3163464912': 0.0, '1720695930': 0.0, '71652420': 6.376656336483402e-06, '1373538247': 0.0, '2163549726': 3.825993801890041e-06, '165458471': 0.00036219407991225724, '205495441': 0.0, '2187328601': 0.0, '2214757992': 0.0, '2541249467': 0.0, '213352968': 0.0, '1550942845': 0.0, '401694378': 1.1477981405670124e-05, '770829276182478848': 0.0, '163194493': 0.0, '829073478': 7.651987603780082e-06, '3428015110': 0.0, '104839797': 0.0, '1521069564': 0.0, '49524987': 0.0, '362271533': 0.0, '827978562': 0.0, '1928036754': 0.0, '631180982': 0.0, '2168929189': 0.0, '353886191': 0.0, '516125151': 0.0, '2328687076': 0.0, '489746553': 2.550662534593361e-06, '311754991': 0.0, '1514131717': 0.0, '713209561': 0.0, '2916203409': 0.0, '2450801282': 0.0, '1601469138': 0.0, '472526971': 0.0, '4706380302': 0.0, '64478993': 0.0, '2986473292': 0.0, '599868345': 3.825993801890041e-06, '630873672': 1.0202650138373443e-05, '602167855': 0.0, '900423967': 6.376656336483402e-06, '372040762': 0.0, '2794857330': 7.651987603780082e-06, '2594385559': 5.101325069186722e-06, '2528329201': 0.0, '1161398064': 0.0, '624416138': 0.0, '2835259440': 0.0, '1262472361': 0.0, '2718930844': 1.1477981405670124e-05, '629983583': 2.550662534593361e-06, '439776402': 1.0202650138373443e-05, '782894996': 0.0, '848379895': 0.0, '968178427': 0.0, '2267488372': 0.0, '308820543': 0.0, '1548526332': 0.0, '172186673': 0.0, '1090554739': 0.0, '420772098': 0.0, '488829987': 4.973791942457054e-05, '1074617058': 0.0, '559624117': 0.0, '1271112481': 0.0, '853507597': 0.0, '2585535376': 0.0, '501381007': 0.0, '2183582593': 0.0, '384034731': 0.0, '615816077': 0.0, '321085784': 0.0, '71847188': 0.0, '1442817679': 1.2753312672966804e-05, '1461324026': 3.825993801890041e-06, '3181966530': 0.0, '3550732332': 0.0, '1579102069': 0.0, '3309882671': 0.0, '357239276': 0.0, '35387869': 0.0, '1187275110': 3.825993801890041e-06, '2772428497': 0.0, '4061297232': 0.0, '503810866': 6.376656336483402e-06, '1321190766': 0.0, '3311944728': 1.2753312672966804e-05, '1452953395': 4.5911925622680494e-05, '1390838778': 0.0, '2180098066': 0.0, '1284516535': 0.0, '2205518964': 3.825993801890041e-06, '478923596': 0.0, '17790825': 0.0, '1164305269': 0.0, '3317221040': 0.0, '2532064966': 6.376656336483402e-06, '949947170': 0.0, '483293998': 0.0, '1649075030': 2.550662534593361e-06, '1581979638': 0.0, '2170879088': 0.0, '526012559': 0.0, '1253021203': 0.0, '1444916071': 0.0, '218364597': 0.0, '2998692420': 0.0, '72108420': 0.0, '1537606062': 0.0, '2344272500': 0.0, '1666501603': 0.0, '435362857': 0.0001951256838963921, '2159762876': 0.0, '102872936': 0.0, '325242518': 0.0, '323071790': 0.0, '2939582533': 0.0, '595084810': 0.0, '933720679': 5.101325069186722e-06, '52161328': 0.0, '72962090': 0.0, '752605562': 0.0, '470738443': 0.0, '2339620813': 0.0, '67180112': 0.0, '3179659053': 0.0, '2948993119': 2.550662534593361e-06, '2401985664': 0.0, '3232095367': 2.550662534593361e-06, '616840207': 2.550662534593361e-06, '470670168': 0.0, '552425188': 0.0, '2567668562': 0.0, '583945100': 7.651987603780082e-06, '307183050': 0.0, '2300396328': 1.5303975207560165e-05, '108475607': 5.101325069186722e-06, '775303890': 0.0, '920929134': 0.0, '30019500': 0.0, '716975912': 0.0, '1963390194': 5.101325069186722e-06, '2419744621': 0.0, '1230902738': 0.0, '1921477826': 0.0, '3484151367': 0.0, '1601798467': 3.825993801890041e-06, '174568000': 1.5303975207560165e-05, '2257553921': 0.0, '1455885740': 0.0, '575584756': 0.0, '971560171': 0.0, '3722212218': 0.0, '992212801': 0.0, '2942106296': 0.0, '904955497': 0.0, '392480609': 0.0, '2666275480': 1.0202650138373443e-05, '1629642463': 0.0, '521504084': 0.0, '2837477832': 0.0, '320599374': 0.0, '850268952': 0.0, '2820776587': 5.101325069186722e-06, '591808216': 0.0, '1689461131': 0.0, '708142740': 5.101325069186722e-06, '75744867': 2.550662534593361e-06, '1486449020': 0.0, '85195713': 0.0, '72674370': 0.0, '411980538': 0.0, '2276595006': 2.5506625345933608e-05, '1629803748': 3.060795041512033e-05, '627813771': 0.0, '2257104566': 2.550662534593361e-06, '832624730': 5.101325069186722e-06, '305729911': 0.0, '554510118': 3.570927548430705e-05, '436316991': 2.2955962811340247e-05, '1562315256': 1.7854637742153526e-05, '2353599529': 0.0, '239213725': 1.9129969009450208e-05, '612498867': 0.0, '720704852': 0.0, '790603249': 0.0, '914717190': 0.0, '2314821841': 0.0, '28029668': 0.0, '1721237948': 0.0, '576587111': 0.0, '112510029': 0.0, '36209183': 0.0, '30173496': 0.0, '1118078594': 0.0, '356454691': 1.0202650138373443e-05, '612114198': 0.0, '72071936': 2.550662534593361e-06, '263326580': 0.0, '1939434978': 0.0, '1616809118': 0.0, '1576087639': 7.651987603780082e-06, '3438100738': 0.0, '818004878': 0.0, '3002758080': 0.0, '830033053': 5.101325069186722e-06, '1332227604': 0.0, '615589414': 0.0, '132254468': 0.0, '3010510896': 3.825993801890041e-06, '586915108': 0.0, '490127652': 0.0, '412759072': 0.0, '324755662': 7.651987603780082e-06, '2397190755': 0.0, '3024385167': 0.0, '247948269': 0.0, '2202250278': 0.0, '343460285': 0.0, '2635970849': 0.0, '2470329932': 0.0, '3351090471': 0.0, '965336286': 0.0, '2818900932': 0.0, '517739214': 0.0, '1282220425': 0.0, '145906322': 0.0, '1190346558': 3.825993801890041e-06, '158961706': 0.0, '2929217996': 0.0, '3118323638': 1.5303975207560165e-05, '2148820558': 0.0, '1480848294': 0.0, '572078918': 0.0, '779396491': 0.0, '2254512416': 0.0, '456004672': 0.0, '2152116582': 0.0, '1629583357': 7.651987603780082e-06, '2419766732': 0.0, '433069520': 0.0, '438875651': 0.0, '2551796120': 0.0, '2234907264': 0.0, '1558314362': 0.0, '2308046322': 0.0, '3225072698': 0.0, '2798908243': 0.0, '2705063987': 0.0, '1706053592': 0.0, '894257905': 6.121590083024066e-05, '233074983': 0.0, '67964253': 0.0, '341850232': 0.0, '2905917340': 0.0, '450472551': 0.0, '250928294': 2.550662534593361e-06, '1297405248': 0.0, '529900593': 0.0, '2468612969': 0.0, '632609804': 0.0, '1330857085': 0.0, '1511427026': 1.5303975207560165e-05, '1262173640': 0.0, '2957757913': 2.550662534593361e-06, '2941681575': 0.0, '621952849': 0.0, '4248757219': 0.0, '394388220': 0.0, '304687133': 0.0, '160577832': 0.0, '1328509886': 7.014321970131742e-05, '2462585286': 1.5303975207560165e-05, '324590767': 0.0, '2758337320': 0.0, '3305514848': 6.376656336483402e-06, '3313067744': 0.0, '881187847': 0.0, '1032031682': 0.0, '56661832': 0.0, '286917113': 2.550662534593361e-06, '2798590877': 0.0, '867311077': 0.0, '2526464929': 0.0, '1581754652': 0.0, '406694330': 1.0202650138373443e-05, '4086915913': 0.0, '1674188076': 2.550662534593361e-06, '2943293955': 0.0, '1343490271': 0.0, '38195379': 7.651987603780082e-06, '624325164': 0.0, '3055010955': 0.0, '4184109434': 0.0, '885415579': 6.376656336483402e-06, '2419127365': 0.0, '33071577': 0.0, '19794270': 2.550662534593361e-06, '545470756': 0.0, '751733544586588160': 0.0, '540587097': 0.0, '2525834139': 0.0, '2600487907': 0.0, '2183841353': 0.0, '263731585': 0.0, '620364511': 0.0, '1373202517': 0.0, '1734156846': 0.0, '2797332025': 0.0, '3126471968': 2.550662534593361e-06, '3218123274': 0.0, '1000865846': 0.0, '1647216290': 0.0, '794653050': 0.0, '2626750349': 2.550662534593361e-06, '2908633261': 0.0, '4490262194': 0.0, '1710933344': 0.0, '2766829347': 0.0, '116324732': 0.0, '2175881801': 5.101325069186722e-06, '2481017300': 3.825993801890041e-06, '1413343020': 0.0, '2882817860': 7.651987603780082e-06, '820553888': 0.0, '327041515': 2.550662534593361e-06, '3314649960': 0.0, '257143940': 0.0, '181800544': 0.0, '389057517': 0.0, '1002924200': 7.651987603780082e-06, '479915881': 0.0, '1061611770': 5.101325069186722e-06, '892360614': 0.0, '1108369182': 0.0, '137885142': 0.0, '436146175': 0.0, '2511551532': 5.101325069186722e-06, '2766723659': 0.0, '2256452403': 0.0, '1268302404': 0.0, '254644899': 0.0, '521901999': 0.0, '1862368712': 0.0, '2959949329': 5.101325069186722e-06, '1092947383': 0.0, '1535092398': 2.550662534593361e-06, '3302687041': 5.101325069186722e-06, '353918595': 0.0, '444411368': 0.0, '3145588940': 0.0, '431197610': 0.0, '2378971945': 0.0, '2149160400': 0.0, '2567419496': 0.0, '424732468': 0.0, '2598662584': 0.0, '2227109838': 2.550662534593361e-06, '1918564321': 0.0, '3180977238': 0.0, '1873668896': 0.0, '1494603450': 0.0, '3520723154': 2.550662534593361e-06, '1574197004': 0.0, '975066193': 0.0, '716220104': 0.0, '222718159': 7.651987603780082e-06, '608567783': 7.651987603780082e-06, '418364075': 5.101325069186722e-06, '1042816454': 0.0, '783598064': 1.7854637742153526e-05, '450773674': 0.0, '601375097': 0.0, '711419593': 0.0, '464436485': 0.0, '388427842': 0.0, '3139365086': 0.0, '218355954': 0.0, '3149407556': 0.0, '552212935': 0.0, '136087816': 0.0, '2958185577': 0.0, '334103212': 0.0, '633482385': 0.0, '23642503': 0.0, '2568592949': 0.0, '160730131': 3.825993801890041e-06, '2259230576': 0.0, '885697926': 0.0, '1584436482': 0.0, '2419650115': 0.0, '96373524': 0.0, '2210264910': 0.0, '2265710901': 0.0, '1382997344': 0.0, '28080506': 0.0, '4393467552': 0.0, '108069328': 3.825993801890041e-06, '163716990': 0.0, '2589496957': 0.0, '3081990960': 0.0, '4635105006': 0.0, '983916018': 0.0, '568554887': 0.0, '3923400143': 0.0, '4439400921': 0.0, '1376024347': 0.0, '887781529': 2.550662534593361e-06, '436247001': 0.0, '4865634333': 0.0, '2851625563': 0.0, '236212730': 0.0, '2371304412': 0.0, '2773832583': 0.0, '704508871': 0.0, '330382969': 0.0, '626639784': 0.0, '2804683520': 0.0, '756554712': 0.0, '188142491': 0.0, '941931182': 2.550662534593361e-06, '3019228361': 0.0, '2183500234': 0.0, '278001073': 0.0, '229685366': 0.0, '2674600345': 0.0, '337759570': 0.0, '1135223648': 0.0, '2380778772': 3.825993801890041e-06, '2407842332': 0.0, '629014648': 0.0, '764514049': 0.0, '262336624': 1.9129969009450208e-05, '285309203': 2.550662534593361e-06, '612171975': 0.0, '4858915319': 0.0, '1352965128': 0.0, '1577750190': 7.651987603780082e-06, '820427732': 0.0, '1199252970': 7.651987603780082e-06, '846634272': 0.0, '581314146': 0.0, '3827774593': 0.0, '1228720124': 3.825993801890041e-06, '3000007801': 0.0, '348767191': 0.0, '1665648654': 5.101325069186722e-06, '248488083': 0.0, '1587569342': 0.0, '125226433': 0.0, '4783697738': 0.0, '2348120371': 7.651987603780082e-06, '254311722': 0.0, '3321041174': 0.0, '1375664820': 6.376656336483402e-06, '2934040232': 0.0, '1404461496': 0.0, '2885624336': 0.0, '611186548': 0.0, '3260715487': 0.0, '1411901336': 0.0, '1170212048': 3.825993801890041e-06, '2904019370': 0.0, '753668346': 0.0, '3061957987': 3.825993801890041e-06, '1330315328': 0.0, '2285636966': 0.0, '1689788293': 0.0, '2705029962': 0.0}
closeness_centrality: {'ROOT': 0.0, '16374678': 0.001128668171557562, '23773506': 0.0015048908954100825, '566851683': 0.0015048908954100825, '3276477930': 0.0015048908954100825, '2445097776': 0.0015048908954100825, '23205096': 0.0015048908954100825, '2206349964': 0.0015048908954100825, '13142222': 0.0015048908954100825, '612289108': 0.0015048908954100825, '2280053328': 0.0015048908954100825, '4534984032': 0.0015048908954100825, '28696142': 0.0015048908954100825, '1225907048': 0.0015048908954100825, '24473608': 0.0015048908954100825, '187401183': 0.0015048908954100825, '64862109': 0.0015048908954100825, '29350475': 0.0015048908954100825, '636909319': 0.0015048908954100825, '3171720709': 0.0015048908954100825, '624003635': 0.0015048908954100825, '2548820616': 0.0015048908954100825, '1836129625': 0.0015048908954100825, '2565739032': 0.0015048908954100825, '451063197': 0.0015048908954100825, '168792682': 0.0015048908954100825, '67269989': 0.0015048908954100825, '1152931213': 0.0015048908954100825, '1426757245': 0.0015048908954100825, '139232801': 0.0015048908954100825, '3162269586': 0.0015048908954100825, '126697892': 0.0015048908954100825, '604764226': 0.0015048908954100825, '340765247': 0.0015048908954100825, '2246756444': 0.0015048908954100825, '1908672013': 0.0015048908954100825, '390569538': 0.0015048908954100825, '492654846': 0.0015048908954100825, '181823690': 0.0015048908954100825, '1969854037': 0.0015048908954100825, '21717974': 0.0015048908954100825, '2818037534': 0.0015048908954100825, '740030442': 0.0015048908954100825, '516717821': 0.0015048908954100825, '812186689': 0.0015048908954100825, '768365947': 0.0015048908954100825, '209914222': 0.001693002257336343, '618397635': 0.0015048908954100825, '66460027': 0.0015048908954100825, '1343417947': 0.0015048908954100825, '636689311': 0.0015048908954100825, '61552372': 0.001693002257336343, '539546669': 0.0015048908954100825, '395318362': 0.0015048908954100825, '403041627': 0.0015048908954100825, '1367490552': 0.0015048908954100825, '599735159': 0.0015048908954100825, '867254568': 0.0015048908954100825, '3243652993': 0.0015048908954100825, '378282269': 0.0015048908954100825, '178628916': 0.0015048908954100825, '379644052': 0.0015048908954100825, '339797087': 0.0015048908954100825, '75105609': 0.0015048908954100825, '2350972604': 0.0015048908954100825, '1552288693': 0.0015048908954100825, '2198068596': 0.001693002257336343, '40619007': 0.0015048908954100825, '1214422908': 0.001693002257336343, '146924919': 0.0015048908954100825, '1429459044': 0.0015048908954100825, '4502131880': 0.0015048908954100825, '573159607': 0.0015048908954100825, '1393528538': 0.0015048908954100825, '780001076': 0.0015048908954100825, '407863273': 0.0015048908954100825, '276875910': 0.001693002257336343, '585401710': 0.0015048908954100825, '1090447736': 0.0015048908954100825, '1598971304': 0.0015048908954100825, '192087579': 0.0015048908954100825, '144430594': 0.0015048908954100825, '27527539': 0.001693002257336343, '37034691': 0.001693002257336343, '597581219': 0.0015048908954100825, '1526555070': 0.0015048908954100825, '55713868': 0.0015048908954100825, '1569154579': 0.001693002257336343, '43444929': 0.0015048908954100825, '25191678': 0.0015048908954100825, '1944289550': 0.0015048908954100825, '3096899154': 0.0015048908954100825, '2938437086': 0.0015048908954100825, '2224512606': 0.0015048908954100825, '243005771': 0.001693002257336343, '528840058': 0.0015048908954100825, '882779504': 0.0015048908954100825, '131974648': 0.0015048908954100825, '109682938': 0.0015048908954100825, '2400771980': 0.001693002257336343, '852181464': 0.0015048908954100825, '606672089': 0.0015048908954100825, '705416521': 0.001693002257336343, '981754076': 0.0015048908954100825, '3227605999': 0.001693002257336343, '396470283': 0.001693002257336343, '3285054020': 0.0015048908954100825, '2424505116': 0.0015048908954100825, '2526792640': 0.001693002257336343, '2161690880': 0.0015048908954100825, '375592072': 0.0015048908954100825, '2646545874': 0.0015048908954100825, '1529734261': 0.001693002257336343, '2742371595': 0.0015048908954100825, '524966636': 0.0015048908954100825, '1333125235': 0.0015048908954100825, '2317900382': 0.0015048908954100825, '227751371': 0.0015048908954100825, '591208024': 0.0018058690744920992, '1023588492': 0.001693002257336343, '3231061591': 0.001693002257336343, '364665086': 0.001693002257336343, '625751419': 0.0015048908954100825, '1729073180': 0.0015048908954100825, '1537002792': 0.0018058690744920992, '2917914222': 0.001693002257336343, '2613158046': 0.0015048908954100825, '2341492262': 0.001693002257336343, '572086187': 0.0015048908954100825, '2562188513': 0.0015048908954100825, '52268389': 0.0015048908954100825, '3497241738': 0.001693002257336343, '269995625': 0.0015048908954100825, '714820207': 0.0015048908954100825, '913938481': 0.001693002257336343, '3197640768': 0.001693002257336343, '2757611915': 0.0015048908954100825, '2361427170': 0.0015048908954100825, '1360910874': 0.0015048908954100825, '2769748461': 0.001693002257336343, '246639841': 0.001693002257336343, '443924779': 0.0015048908954100825, '2471321658': 0.0018058690744920992, '1000727832': 0.0018058690744920992, '2251491632': 0.0015048908954100825, '1130177119': 0.001693002257336343, '2418526944': 0.001693002257336343, '1703075274': 0.0015048908954100825, '1255607166': 0.0015048908954100825, '432912632': 0.0015048908954100825, '808045219': 0.0015048908954100825, '321828308': 0.0018058690744920992, '2475814260': 0.0025395033860045146, '827921376': 0.0018058690744920992, '454658295': 0.001693002257336343, '1117963268': 0.0015048908954100825, '2972575738': 0.0018058690744920992, '2574359203': 0.0018058690744920992, '1290557227': 0.0015048908954100825, '3311787811': 0.0015048908954100825, '53750403': 0.0015048908954100825, '395745434': 0.0015048908954100825, '257188547': 0.0015048908954100825, '1440150512': 0.001693002257336343, '3937521192': 0.0015048908954100825, '2519186677': 0.0015048908954100825, '2431278666': 0.001693002257336343, '3171688760': 0.0018058690744920992, '320962779': 0.0015048908954100825, '162471836': 0.0015048908954100825, '509090324': 0.0015048908954100825, '3247524126': 0.0018811136192626034, '3783731534': 0.0015048908954100825, '255732839': 0.001693002257336343, '2173174422': 0.0015048908954100825, '2271022868': 0.0015048908954100825, '4700095130': 0.0015048908954100825, '471665413': 0.0018058690744920992, '538672749': 0.0018058690744920992, '286517258': 0.0015048908954100825, '3164707644': 0.0018058690744920992, '755526595': 0.0015048908954100825, '2255606568': 0.0018811136192626034, '803547920': 0.0015048908954100825, '496373024': 0.0015048908954100825, '348673165': 0.0015048908954100825, '1626686870': 0.0019348597226701062, '3302119821': 0.0015048908954100825, '1478227796': 0.0015048908954100825, '282917270': 0.0018058690744920992, '206049472': 0.0015048908954100825, '922478461': 0.001693002257336343, '2957890026': 0.0018811136192626034, '68232757': 0.001693002257336343, '2296927136': 0.0015048908954100825, '74618209': 0.0015048908954100825, '249306798': 0.0015048908954100825, '1616806189': 0.001693002257336343, '2952867480': 0.0015048908954100825, '1671771337': 0.0015048908954100825, '1714487354': 0.0018058690744920992, '3028014349': 0.0018058690744920992, '1963718059': 0.0015048908954100825, '734241625': 0.001693002257336343, '2273933431': 0.001693002257336343, '347054854': 0.0015048908954100825, '1619211871': 0.0015048908954100825, '75192411': 0.0015048908954100825, '136775764': 0.0015048908954100825, '355233153': 0.001693002257336343, '2258537563': 0.0015048908954100825, '1386138548': 0.001693002257336343, '1962007826': 0.001693002257336343, '157839783': 0.001693002257336343, '1046221004': 0.001693002257336343, '215463164': 0.0018058690744920992, '2440761372': 0.0015048908954100825, '1043513696': 0.001693002257336343, '2329388424': 0.002257336343115124, '29880335': 0.0018058690744920992, '3018782328': 0.0015048908954100825, '634863272': 0.0021705157145337733, '1067218860': 0.001693002257336343, '2371205076': 0.0015048908954100825, '1115580631': 0.0015048908954100825, '219171011': 0.0015048908954100825, '378995054': 0.0015048908954100825, '406398427': 0.0018811136192626034, '233230434': 0.0015048908954100825, '3741188190': 0.0015048908954100825, '2434791571': 0.0015048908954100825, '2378320579': 0.0015048908954100825, '186203880': 0.0018058690744920992, '3839472374': 0.001693002257336343, '3487727539': 0.0018058690744920992, '326625424': 0.0015048908954100825, '2802473376': 0.0015048908954100825, '710103856': 0.0021385291671616965, '1081566918': 0.0015048908954100825, '2262351048': 0.001693002257336343, '2406105674': 0.001693002257336343, '1703792502': 0.0015048908954100825, '2238526987': 0.0018058690744920992, '24307362': 0.0015048908954100825, '2451103345': 0.0015048908954100825, '207876269': 0.0015048908954100825, '3139680974': 0.0015048908954100825, '427167560': 0.0015048908954100825, '2878987247': 0.0015048908954100825, '2538779078': 0.0015048908954100825, '52797399': 0.0015048908954100825, '2358624092': 0.0015048908954100825, '1609840200': 0.0021705157145337733, '2795547038': 0.001693002257336343, '524016335': 0.0015048908954100825, '2825686243': 0.0015048908954100825, '74869564': 0.001693002257336343, '2246204768': 0.0015048908954100825, '1107132691': 0.0018811136192626034, '276813404': 0.0015048908954100825, '1462701966': 0.001693002257336343, '228129736': 0.0015048908954100825, '389270242': 0.0015048908954100825, '1253057971': 0.0018811136192626034, '1406831826': 0.0015048908954100825, '461620695': 0.0015048908954100825, '455485442': 0.0015048908954100825, '627575664': 0.002257336343115124, '1061618293': 0.0015048908954100825, '2218260624': 0.0018058690744920992, '2328108330': 0.0015048908954100825, '820630638': 0.001693002257336343, '114148244': 0.0015048908954100825, '1969076161': 0.0015048908954100825, '2305944943': 0.001693002257336343, '1906046059': 0.0015048908954100825, '2332618723': 0.001693002257336343, '210234942': 0.001693002257336343, '1556170063': 0.0015048908954100825, '1214511757': 0.0015048908954100825, '1542391028': 0.001693002257336343, '999902448': 0.0015048908954100825, '2257356074': 0.001693002257336343, '1641451483': 0.0015048908954100825, '2152105170': 0.0015048908954100825, '1458694800': 0.0015048908954100825, '2923282987': 0.0015048908954100825, '3060560178': 0.0015048908954100825, '32964534': 0.0019348597226701062, '2209732976': 0.0015048908954100825, '2331121166': 0.0018058690744920992, '2972583318': 0.0018811136192626034, '43633064': 0.001693002257336343, '470866889': 0.001693002257336343, '256245867': 0.001693002257336343, '554504365': 0.0018058690744920992, '637256284': 0.001693002257336343, '1692946920': 0.001693002257336343, '1461224904': 0.001693002257336343, '2364489414': 0.0015048908954100825, '1387850184': 0.0015048908954100825, '966378782': 0.0015048908954100825, '1312077895': 0.0015048908954100825, '2441094288': 0.001693002257336343, '1167157860': 0.0015048908954100825, '509726529': 0.0015048908954100825, '380635662': 0.0015048908954100825, '423961932': 0.0015048908954100825, '494337674': 0.0015048908954100825, '444050292': 0.001693002257336343, '753326335': 0.001693002257336343, '567426853': 0.0015048908954100825, '2610549205': 0.001693002257336343, '505180892': 0.0018811136192626034, '220265758': 0.001693002257336343, '298585844': 0.0015048908954100825, '2417693138': 0.0018058690744920992, '3145503123': 0.001693002257336343, '182120066': 0.0015048908954100825, '1404064999': 0.0019348597226701062, '2215939908': 0.001693002257336343, '500528884': 0.0015048908954100825, '92133575': 0.0019751693002257337, '2222133314': 0.001693002257336343, '347642649': 0.0015048908954100825, '3368157430': 0.0015048908954100825, '1025438395': 0.0019751693002257337, '2360514920': 0.0025395033860045146, '1066297039': 0.0015048908954100825, '3303732883': 0.0015048908954100825, '1007329339': 0.0015048908954100825, '2474845888': 0.0015048908954100825, '188626484': 0.0015048908954100825, '1468373454': 0.00200652119388011, '1330617566': 0.0015048908954100825, '1615667125': 0.001693002257336343, '986032789': 0.0015048908954100825, '425642374': 0.0015048908954100825, '4019264414': 0.0015048908954100825, '365817429': 0.001693002257336343, '60663409': 0.001693002257336343, '44811323': 0.001693002257336343, '2358771588': 0.0015048908954100825, '2413730592': 0.001693002257336343, '1253702408': 0.0015048908954100825, '868348670': 0.001693002257336343, '1564812277': 0.0018058690744920992, '1468608942': 0.0018058690744920992, '53589611': 0.001693002257336343, '430004813': 0.0015048908954100825, '2459158908': 0.001693002257336343, '2735536386': 0.0015048908954100825, '1450212326': 0.0015048908954100825, '1445600204': 0.0015048908954100825, '317274895': 0.0015048908954100825, '733605127': 0.001693002257336343, '4621136323': 0.0015048908954100825, '1005883915': 0.001693002257336343, '1429106126': 0.0015048908954100825, '2148148814': 0.0018811136192626034, '1544918796': 0.0018058690744920992, '2366763594': 0.0019348597226701062, '592521268': 0.0015048908954100825, '1531536506': 0.0015048908954100825, '3711951132': 0.0015048908954100825, '366438784': 0.0019751693002257337, '1130054809': 0.0015048908954100825, '147858951': 0.0015048908954100825, '2310554804': 0.0019348597226701062, '2346089748': 0.0018058690744920992, '931452943': 0.0015048908954100825, '1535772464': 0.0018811136192626034, '2191451191': 0.001693002257336343, '2720492332': 0.0015048908954100825, '420022954': 0.0015048908954100825, '120288551': 0.0015048908954100825, '321545008': 0.001693002257336343, '724744160': 0.0018058690744920992, '520082443': 0.001693002257336343, '2970732220': 0.0015048908954100825, '3028648610': 0.0015048908954100825, '545751074': 0.0015048908954100825, '56629612': 0.0015048908954100825, '180524454': 0.0015048908954100825, '612285898': 0.001693002257336343, '63565854': 0.0015048908954100825, '1533035190': 0.0015048908954100825, '3174860797': 0.0018058690744920992, '1581693715': 0.001693002257336343, '2989624334': 0.0015048908954100825, '1958111882': 0.001693002257336343, '190543747': 0.001693002257336343, '328302535': 0.0015048908954100825, '2380228407': 0.0018058690744920992, '1869350077': 0.0015048908954100825, '1916290213': 0.0015048908954100825, '2997296634': 0.001693002257336343, '1337325445': 0.001693002257336343, '2552155698': 0.0015048908954100825, '3187144843': 0.0015048908954100825, '587894045': 0.001693002257336343, '1901165238': 0.0015048908954100825, '4684911709': 0.0015048908954100825, '3315224449': 0.0015048908954100825, '3979629617': 0.001693002257336343, '2879209493': 0.001693002257336343, '2759957763': 0.0015048908954100825, '2734229809': 0.001693002257336343, '2287211054': 0.0015048908954100825, '4388257173': 0.001693002257336343, '1293405265': 0.0018058690744920992, '4326984147': 0.0018058690744920992, '2925075154': 0.001693002257336343, '2838689491': 0.0018058690744920992, '1456254906': 0.0015048908954100825, '2763658311': 0.0018058690744920992, '3163464912': 0.0015048908954100825, '1720695930': 0.0018058690744920992, '71652420': 0.0018811136192626034, '1373538247': 0.001693002257336343, '2163549726': 0.001693002257336343, '165458471': 0.0015048908954100825, '205495441': 0.001693002257336343, '2187328601': 0.0015048908954100825, '2214757992': 0.001693002257336343, '2541249467': 0.001693002257336343, '213352968': 0.001693002257336343, '1550942845': 0.001693002257336343, '401694378': 0.001693002257336343, '770829276182478848': 0.001693002257336343, '163194493': 0.001693002257336343, '829073478': 0.0015048908954100825, '3428015110': 0.001693002257336343, '104839797': 0.0015048908954100825, '1521069564': 0.001693002257336343, '49524987': 0.0015048908954100825, '362271533': 0.001693002257336343, '827978562': 0.0018811136192626034, '1928036754': 0.0015048908954100825, '631180982': 0.001693002257336343, '2168929189': 0.001693002257336343, '353886191': 0.0015048908954100825, '516125151': 0.001693002257336343, '2328687076': 0.001693002257336343, '489746553': 0.0015048908954100825, '311754991': 0.001693002257336343, '1514131717': 0.001693002257336343, '713209561': 0.0015048908954100825, '2916203409': 0.001693002257336343, '2450801282': 0.001693002257336343, '1601469138': 0.001693002257336343, '472526971': 0.0015048908954100825, '4706380302': 0.0015048908954100825, '64478993': 0.0015048908954100825, '2986473292': 0.001693002257336343, '599868345': 0.001693002257336343, '630873672': 0.0018058690744920992, '602167855': 0.001693002257336343, '900423967': 0.0018811136192626034, '372040762': 0.001693002257336343, '2794857330': 0.001693002257336343, '2594385559': 0.0018058690744920992, '2528329201': 0.0018058690744920992, '1161398064': 0.0015048908954100825, '624416138': 0.001693002257336343, '2835259440': 0.0018811136192626034, '1262472361': 0.0015048908954100825, '2718930844': 0.001693002257336343, '629983583': 0.0015048908954100825, '439776402': 0.0018058690744920992, '782894996': 0.001693002257336343, '848379895': 0.0015048908954100825, '968178427': 0.001693002257336343, '2267488372': 0.0015048908954100825, '308820543': 0.001693002257336343, '1548526332': 0.0015048908954100825, '172186673': 0.001693002257336343, '1090554739': 0.0015048908954100825, '420772098': 0.0015048908954100825, '488829987': 0.001693002257336343, '1074617058': 0.0015048908954100825, '559624117': 0.001693002257336343, '1271112481': 0.0015048908954100825, '853507597': 0.001693002257336343, '2585535376': 0.001693002257336343, '501381007': 0.0018058690744920992, '2183582593': 0.001693002257336343, '384034731': 0.001693002257336343, '615816077': 0.0015048908954100825, '321085784': 0.001693002257336343, '71847188': 0.0015048908954100825, '1442817679': 0.0021705157145337733, '1461324026': 0.001693002257336343, '3181966530': 0.0015048908954100825, '3550732332': 0.0015048908954100825, '1579102069': 0.0018058690744920992, '3309882671': 0.0015048908954100825, '357239276': 0.001693002257336343, '35387869': 0.0015048908954100825, '1187275110': 0.001693002257336343, '2772428497': 0.0015048908954100825, '4061297232': 0.001693002257336343, '503810866': 0.0018811136192626034, '1321190766': 0.0018058690744920992, '3311944728': 0.0015048908954100825, '1452953395': 0.0018058690744920992, '1390838778': 0.001693002257336343, '2180098066': 0.0018058690744920992, '1284516535': 0.0019348597226701062, '2205518964': 0.001693002257336343, '478923596': 0.0019348597226701062, '17790825': 0.001693002257336343, '1164305269': 0.0015048908954100825, '3317221040': 0.0015048908954100825, '2532064966': 0.0018811136192626034, '949947170': 0.001693002257336343, '483293998': 0.001693002257336343, '1649075030': 0.0015048908954100825, '1581979638': 0.001693002257336343, '2170879088': 0.0015048908954100825, '526012559': 0.0015048908954100825, '1253021203': 0.001693002257336343, '1444916071': 0.0021705157145337733, '218364597': 0.0015048908954100825, '2998692420': 0.001693002257336343, '72108420': 0.001693002257336343, '1537606062': 0.001693002257336343, '2344272500': 0.001693002257336343, '1666501603': 0.001693002257336343, '435362857': 0.001693002257336343, '2159762876': 0.0018058690744920992, '102872936': 0.0018058690744920992, '325242518': 0.0018058690744920992, '323071790': 0.0015048908954100825, '2939582533': 0.0015048908954100825, '595084810': 0.0015048908954100825, '933720679': 0.0018058690744920992, '52161328': 0.0018058690744920992, '72962090': 0.0018058690744920992, '752605562': 0.0015048908954100825, '470738443': 0.0018058690744920992, '2339620813': 0.0018058690744920992, '67180112': 0.0018058690744920992, '3179659053': 0.0018058690744920992, '2948993119': 0.0015048908954100825, '2401985664': 0.0018058690744920992, '3232095367': 0.0015048908954100825, '616840207': 0.0015048908954100825, '470670168': 0.0018058690744920992, '552425188': 0.0018811136192626034, '2567668562': 0.0018058690744920992, '583945100': 0.0015048908954100825, '307183050': 0.0015048908954100825, '2300396328': 0.0015048908954100825, '108475607': 0.0015048908954100825, '775303890': 0.0018058690744920992, '920929134': 0.0015048908954100825, '30019500': 0.0015048908954100825, '716975912': 0.001693002257336343, '1963390194': 0.0015048908954100825, '2419744621': 0.0015048908954100825, '1230902738': 0.0015048908954100825, '1921477826': 0.0018058690744920992, '3484151367': 0.0018058690744920992, '1601798467': 0.001693002257336343, '174568000': 0.001693002257336343, '2257553921': 0.0018058690744920992, '1455885740': 0.0018058690744920992, '575584756': 0.0018058690744920992, '971560171': 0.001693002257336343, '3722212218': 0.0018811136192626034, '992212801': 0.0018058690744920992, '2942106296': 0.001693002257336343, '904955497': 0.0018058690744920992, '392480609': 0.0018058690744920992, '2666275480': 0.0018058690744920992, '1629642463': 0.0018058690744920992, '521504084': 0.001693002257336343, '2837477832': 0.0018811136192626034, '320599374': 0.001693002257336343, '850268952': 0.001693002257336343, '2820776587': 0.0018058690744920992, '591808216': 0.0018058690744920992, '1689461131': 0.0015048908954100825, '708142740': 0.0018058690744920992, '75744867': 0.0015048908954100825, '1486449020': 0.0015048908954100825, '85195713': 0.0018058690744920992, '72674370': 0.0015048908954100825, '411980538': 0.0018058690744920992, '2276595006': 0.0018811136192626034, '1629803748': 0.001693002257336343, '627813771': 0.0015048908954100825, '2257104566': 0.0015048908954100825, '832624730': 0.0018058690744920992, '305729911': 0.001693002257336343, '554510118': 0.0018058690744920992, '436316991': 0.0019348597226701062, '1562315256': 0.0019751693002257337, '2353599529': 0.0018811136192626034, '239213725': 0.0018811136192626034, '612498867': 0.001693002257336343, '720704852': 0.0015048908954100825, '790603249': 0.0018058690744920992, '914717190': 0.0018811136192626034, '2314821841': 0.0015048908954100825, '28029668': 0.0015048908954100825, '1721237948': 0.0018058690744920992, '576587111': 0.0015048908954100825, '112510029': 0.0015048908954100825, '36209183': 0.0015048908954100825, '30173496': 0.0015048908954100825, '1118078594': 0.0018811136192626034, '356454691': 0.0018058690744920992, '612114198': 0.0018811136192626034, '72071936': 0.0015048908954100825, '263326580': 0.001693002257336343, '1939434978': 0.0018058690744920992, '1616809118': 0.0018811136192626034, '1576087639': 0.0019348597226701062, '3438100738': 0.001693002257336343, '818004878': 0.0018058690744920992, '3002758080': 0.00200652119388011, '830033053': 0.0018058690744920992, '1332227604': 0.0018058690744920992, '615589414': 0.0018811136192626034, '132254468': 0.0015048908954100825, '3010510896': 0.001693002257336343, '586915108': 0.0015048908954100825, '490127652': 0.0018811136192626034, '412759072': 0.0018811136192626034, '324755662': 0.001693002257336343, '2397190755': 0.0015048908954100825, '3024385167': 0.0015048908954100825, '247948269': 0.0015048908954100825, '2202250278': 0.0018058690744920992, '343460285': 0.0015048908954100825, '2635970849': 0.0015048908954100825, '2470329932': 0.0018058690744920992, '3351090471': 0.0015048908954100825, '965336286': 0.0018058690744920992, '2818900932': 0.0019751693002257337, '517739214': 0.0015048908954100825, '1282220425': 0.0018811136192626034, '145906322': 0.0015048908954100825, '1190346558': 0.001693002257336343, '158961706': 0.0015048908954100825, '2929217996': 0.0015048908954100825, '3118323638': 0.0015048908954100825, '2148820558': 0.0015048908954100825, '1480848294': 0.001693002257336343, '572078918': 0.0015048908954100825, '779396491': 0.001693002257336343, '2254512416': 0.001693002257336343, '456004672': 0.0015048908954100825, '2152116582': 0.001693002257336343, '1629583357': 0.0015048908954100825, '2419766732': 0.0015048908954100825, '433069520': 0.0015048908954100825, '438875651': 0.001693002257336343, '2551796120': 0.0015048908954100825, '2234907264': 0.0015048908954100825, '1558314362': 0.0015048908954100825, '2308046322': 0.0018058690744920992, '3225072698': 0.001693002257336343, '2798908243': 0.0015048908954100825, '2705063987': 0.0018058690744920992, '1706053592': 0.001693002257336343, '894257905': 0.0018058690744920992, '233074983': 0.001693002257336343, '67964253': 0.001693002257336343, '341850232': 0.0018058690744920992, '2905917340': 0.0015048908954100825, '450472551': 0.0015048908954100825, '250928294': 0.0015048908954100825, '1297405248': 0.0015048908954100825, '529900593': 0.001693002257336343, '2468612969': 0.0018058690744920992, '632609804': 0.0018058690744920992, '1330857085': 0.001693002257336343, '1511427026': 0.001693002257336343, '1262173640': 0.0021705157145337733, '2957757913': 0.0015048908954100825, '2941681575': 0.0018058690744920992, '621952849': 0.0018058690744920992, '4248757219': 0.0018811136192626034, '394388220': 0.0018058690744920992, '304687133': 0.001693002257336343, '160577832': 0.001693002257336343, '1328509886': 0.0018811136192626034, '2462585286': 0.0018058690744920992, '324590767': 0.0019348597226701062, '2758337320': 0.0019348597226701062, '3305514848': 0.0018811136192626034, '3313067744': 0.001693002257336343, '881187847': 0.0015048908954100825, '1032031682': 0.0015048908954100825, '56661832': 0.0019348597226701062, '286917113': 0.0015048908954100825, '2798590877': 0.0015048908954100825, '867311077': 0.001693002257336343, '2526464929': 0.0015048908954100825, '1581754652': 0.0018058690744920992, '406694330': 0.0018058690744920992, '4086915913': 0.0019348597226701062, '1674188076': 0.0015048908954100825, '2943293955': 0.0019348597226701062, '1343490271': 0.0019348597226701062, '38195379': 0.0019348597226701062, '624325164': 0.0015048908954100825, '3055010955': 0.001693002257336343, '4184109434': 0.0015048908954100825, '885415579': 0.0018811136192626034, '2419127365': 0.0015048908954100825, '33071577': 0.0018058690744920992, '19794270': 0.0015048908954100825, '545470756': 0.0015048908954100825, '751733544586588160': 0.0015048908954100825, '540587097': 0.0019348597226701062, '2525834139': 0.0015048908954100825, '2600487907': 0.001693002257336343, '2183841353': 0.0019751693002257337, '263731585': 0.0015048908954100825, '620364511': 0.0018058690744920992, '1373202517': 0.001693002257336343, '1734156846': 0.0015048908954100825, '2797332025': 0.001693002257336343, '3126471968': 0.0015048908954100825, '3218123274': 0.0015048908954100825, '1000865846': 0.0015048908954100825, '1647216290': 0.0015048908954100825, '794653050': 0.0018058690744920992, '2626750349': 0.0015048908954100825, '2908633261': 0.001693002257336343, '4490262194': 0.0015048908954100825, '1710933344': 0.0019348597226701062, '2766829347': 0.001693002257336343, '116324732': 0.0015048908954100825, '2175881801': 0.0015048908954100825, '2481017300': 0.001693002257336343, '1413343020': 0.0018058690744920992, '2882817860': 0.0015048908954100825, '820553888': 0.0015048908954100825, '327041515': 0.0015048908954100825, '3314649960': 0.001693002257336343, '257143940': 0.001693002257336343, '181800544': 0.0018058690744920992, '389057517': 0.0015048908954100825, '1002924200': 0.001693002257336343, '479915881': 0.0015048908954100825, '1061611770': 0.0018058690744920992, '892360614': 0.0015048908954100825, '1108369182': 0.0018811136192626034, '137885142': 0.0015048908954100825, '436146175': 0.001693002257336343, '2511551532': 0.0018058690744920992, '2766723659': 0.0018811136192626034, '2256452403': 0.001693002257336343, '1268302404': 0.0015048908954100825, '254644899': 0.0015048908954100825, '521901999': 0.001693002257336343, '1862368712': 0.0015048908954100825, '2959949329': 0.0018058690744920992, '1092947383': 0.0018811136192626034, '1535092398': 0.0015048908954100825, '3302687041': 0.0015048908954100825, '353918595': 0.001693002257336343, '444411368': 0.001693002257336343, '3145588940': 0.001693002257336343, '431197610': 0.0015048908954100825, '2378971945': 0.0015048908954100825, '2149160400': 0.001693002257336343, '2567419496': 0.0019348597226701062, '424732468': 0.0015048908954100825, '2598662584': 0.0015048908954100825, '2227109838': 0.0015048908954100825, '1918564321': 0.0015048908954100825, '3180977238': 0.0019348597226701062, '1873668896': 0.0018811136192626034, '1494603450': 0.001693002257336343, '3520723154': 0.0015048908954100825, '1574197004': 0.0019348597226701062, '975066193': 0.0015048908954100825, '716220104': 0.0019348597226701062, '222718159': 0.0015048908954100825, '608567783': 0.001693002257336343, '418364075': 0.0018058690744920992, '1042816454': 0.0018811136192626034, '783598064': 0.0015048908954100825, '450773674': 0.0015048908954100825, '601375097': 0.0015048908954100825, '711419593': 0.0015048908954100825, '464436485': 0.0015048908954100825, '388427842': 0.0015048908954100825, '3139365086': 0.0015048908954100825, '218355954': 0.0018058690744920992, '3149407556': 0.001693002257336343, '552212935': 0.0015048908954100825, '136087816': 0.0018058690744920992, '2958185577': 0.0015048908954100825, '334103212': 0.001693002257336343, '633482385': 0.0019348597226701062, '23642503': 0.0015048908954100825, '2568592949': 0.0015048908954100825, '160730131': 0.001693002257336343, '2259230576': 0.0019348597226701062, '885697926': 0.0018058690744920992, '1584436482': 0.001693002257336343, '2419650115': 0.001693002257336343, '96373524': 0.0015048908954100825, '2210264910': 0.0018811136192626034, '2265710901': 0.0015048908954100825, '1382997344': 0.001693002257336343, '28080506': 0.0015048908954100825, '4393467552': 0.0015048908954100825, '108069328': 0.001693002257336343, '163716990': 0.001693002257336343, '2589496957': 0.001693002257336343, '3081990960': 0.001693002257336343, '4635105006': 0.001693002257336343, '983916018': 0.0018058690744920992, '568554887': 0.0018058690744920992, '3923400143': 0.0018058690744920992, '4439400921': 0.0015048908954100825, '1376024347': 0.0015048908954100825, '887781529': 0.0015048908954100825, '436247001': 0.001693002257336343, '4865634333': 0.0015048908954100825, '2851625563': 0.0015048908954100825, '236212730': 0.0015048908954100825, '2371304412': 0.00200652119388011, '2773832583': 0.0015048908954100825, '704508871': 0.0015048908954100825, '330382969': 0.0015048908954100825, '626639784': 0.0015048908954100825, '2804683520': 0.001693002257336343, '756554712': 0.0018811136192626034, '188142491': 0.0015048908954100825, '941931182': 0.0015048908954100825, '3019228361': 0.001693002257336343, '2183500234': 0.0015048908954100825, '278001073': 0.0015048908954100825, '229685366': 0.0015048908954100825, '2674600345': 0.001693002257336343, '337759570': 0.0015048908954100825, '1135223648': 0.0018058690744920992, '2380778772': 0.001693002257336343, '2407842332': 0.0018058690744920992, '629014648': 0.0015048908954100825, '764514049': 0.0015048908954100825, '262336624': 0.001693002257336343, '285309203': 0.0015048908954100825, '612171975': 0.001693002257336343, '4858915319': 0.0018058690744920992, '1352965128': 0.0018058690744920992, '1577750190': 0.0015048908954100825, '820427732': 0.0018058690744920992, '1199252970': 0.0015048908954100825, '846634272': 0.001693002257336343, '581314146': 0.001693002257336343, '3827774593': 0.001693002257336343, '1228720124': 0.001693002257336343, '3000007801': 0.0015048908954100825, '348767191': 0.0018058690744920992, '1665648654': 0.0018058690744920992, '248488083': 0.0015048908954100825, '1587569342': 0.0018811136192626034, '125226433': 0.001693002257336343, '4783697738': 0.0018058690744920992, '2348120371': 0.0021385291671616965, '254311722': 0.0021271054002430976, '3321041174': 0.0018058690744920992, '1375664820': 0.0018811136192626034, '2934040232': 0.0021705157145337733, '1404461496': 0.0015048908954100825, '2885624336': 0.0019348597226701062, '611186548': 0.0021705157145337733, '3260715487': 0.0021705157145337733, '1411901336': 0.0015048908954100825, '1170212048': 0.001693002257336343, '2904019370': 0.0018058690744920992, '753668346': 0.0018811136192626034, '3061957987': 0.001693002257336343, '1330315328': 0.0018058690744920992, '2285636966': 0.001693002257336343, '1689788293': 0.0015048908954100825, '2705029962': 0.001693002257336343}
