number_of_nodes: 945
number_of_edges: 947
cascade_size: 944
tree_depth: Graph contains a cycle
in_degree_distribution: [0, 1, 1, 1, 1, 1, 1, 1, 1, 1, 1, 1, 1, 1, 1, 1, 1, 1, 1, 1, 1, 1, 1, 1, 1, 1, 1, 1, 1, 1, 1, 1, 1, 1, 1, 1, 1, 1, 1, 1, 1, 1, 1, 1, 1, 1, 1, 1, 1, 1, 1, 1, 1, 1, 1, 1, 1, 1, 1, 1, 1, 1, 1, 1, 1, 1, 1, 1, 1, 1, 1, 1, 1, 1, 1, 1, 1, 1, 1, 1, 1, 1, 1, 1, 1, 1, 1, 1, 1, 1, 1, 1, 1, 1, 1, 1, 1, 1, 1, 1, 1, 1, 1, 1, 1, 1, 1, 1, 1, 1, 1, 1, 1, 1, 1, 1, 1, 1, 1, 1, 1, 1, 1, 1, 1, 1, 1, 1, 1, 1, 1, 1, 1, 1, 1, 1, 1, 1, 1, 1, 1, 1, 1, 1, 1, 1, 1, 1, 1, 1, 1, 1, 1, 1, 1, 1, 1, 1, 1, 1, 1, 1, 1, 1, 1, 1, 1, 1, 1, 1, 1, 1, 1, 1, 1, 1, 1, 1, 1, 1, 1, 1, 1, 1, 1, 1, 1, 1, 1, 1, 1, 1, 1, 1, 1, 1, 1, 1, 1, 1, 1, 1, 1, 1, 1, 1, 1, 1, 1, 1, 1, 1, 1, 1, 1, 1, 1, 1, 1, 1, 1, 1, 2, 1, 1, 1, 1, 1, 1, 1, 1, 1, 1, 1, 1, 1, 1, 1, 1, 1, 1, 1, 1, 1, 1, 1, 1, 1, 1, 1, 1, 1, 1, 1, 1, 1, 1, 1, 1, 1, 1, 1, 1, 1, 1, 1, 1, 1, 1, 1, 1, 1, 1, 1, 1, 1, 1, 1, 1, 1, 1, 1, 1, 1, 1, 1, 1, 1, 1, 1, 1, 1, 1, 1, 1, 1, 1, 1, 1, 1, 1, 1, 1, 1, 1, 1, 1, 1, 1, 1, 1, 1, 1, 1, 1, 1, 1, 1, 1, 1, 1, 1, 1, 1, 1, 1, 1, 1, 1, 1, 1, 1, 1, 1, 1, 1, 1, 1, 1, 1, 1, 1, 1, 1, 1, 1, 1, 1, 1, 1, 1, 1, 1, 1, 1, 1, 1, 1, 1, 1, 1, 1, 1, 1, 1, 1, 1, 1, 1, 1, 1, 1, 1, 1, 1, 1, 1, 1, 1, 1, 1, 1, 1, 1, 1, 1, 1, 1, 1, 1, 1, 1, 1, 1, 1, 1, 1, 1, 1, 1, 1, 1, 1, 1, 1, 1, 1, 1, 1, 1, 1, 1, 1, 1, 1, 1, 1, 1, 1, 1, 1, 1, 1, 1, 1, 1, 1, 1, 1, 1, 1, 1, 1, 1, 1, 1, 1, 1, 1, 1, 1, 1, 1, 1, 1, 1, 1, 1, 1, 1, 1, 1, 1, 1, 1, 1, 1, 1, 1, 1, 1, 1, 1, 1, 1, 1, 1, 1, 1, 1, 1, 1, 1, 1, 1, 1, 1, 1, 1, 1, 1, 1, 1, 1, 1, 1, 1, 1, 1, 1, 1, 1, 1, 1, 1, 1, 1, 1, 1, 1, 1, 1, 1, 1, 1, 1, 1, 1, 1, 1, 1, 1, 1, 1, 1, 1, 1, 1, 1, 1, 1, 1, 1, 1, 1, 1, 1, 1, 1, 1, 1, 1, 1, 1, 1, 1, 1, 1, 1, 1, 1, 1, 1, 1, 1, 1, 1, 1, 1, 1, 1, 1, 1, 1, 1, 1, 1, 1, 1, 1, 1, 1, 1, 1, 1, 1, 1, 1, 1, 1, 1, 1, 1, 1, 1, 1, 1, 1, 1, 1, 1, 1, 1, 1, 1, 1, 1, 1, 1, 1, 1, 1, 1, 1, 1, 1, 1, 1, 1, 1, 1, 1, 1, 1, 1, 1, 1, 1, 1, 1, 1, 1, 1, 1, 1, 1, 1, 1, 1, 1, 1, 1, 1, 1, 1, 1, 1, 1, 1, 1, 1, 1, 1, 1, 1, 1, 1, 1, 1, 1, 1, 1, 1, 1, 1, 1, 1, 1, 1, 1, 1, 1, 1, 1, 1, 1, 1, 1, 1, 1, 1, 1, 1, 1, 1, 1, 1, 1, 1, 1, 1, 1, 1, 1, 1, 1, 1, 1, 1, 1, 1, 1, 1, 1, 1, 1, 1, 1, 1, 1, 1, 1, 1, 1, 1, 1, 1, 1, 1, 1, 1, 1, 1, 1, 1, 1, 1, 1, 1, 1, 1, 1, 1, 1, 1, 1, 1, 1, 1, 1, 1, 1, 1, 1, 1, 1, 1, 1, 1, 1, 1, 1, 1, 1, 1, 1, 1, 1, 1, 1, 1, 1, 1, 1, 1, 1, 1, 2, 1, 1, 1, 1, 1, 1, 1, 1, 1, 1, 1, 1, 1, 1, 1, 1, 1, 1, 1, 1, 1, 1, 1, 1, 1, 1, 1, 1, 1, 1, 1, 1, 1, 1, 1, 1, 1, 1, 1, 1, 1, 1, 1, 1, 1, 1, 1, 1, 1, 1, 1, 1, 1, 1, 1, 1, 1, 1, 1, 1, 1, 1, 1, 1, 1, 1, 1, 1, 1, 1, 1, 1, 1, 1, 1, 1, 1, 1, 1, 1, 1, 1, 1, 1, 1, 1, 1, 1, 1, 1, 1, 1, 1, 1, 1, 1, 1, 1, 1, 1, 1, 1, 1, 1, 1, 1, 1, 1, 1, 1, 1, 1, 1, 2, 1, 1, 1, 1, 1, 1, 1, 1, 1, 1, 1, 1, 1, 1, 1, 1, 1, 1, 1, 1, 1, 1, 1, 1, 1, 1, 1, 1, 1, 1, 1, 1, 1, 1, 1, 1, 1, 1, 1, 1, 1, 1, 1, 1, 1, 1, 1, 1, 1, 1, 1, 1, 1, 1, 1, 1, 1, 1, 1, 1, 1, 1, 1, 1, 1, 1, 1, 1, 1, 1, 1, 1, 1, 1, 1, 1, 1, 1, 1, 1, 1, 1, 1]
out_degree_distribution: [1, 516, 0, 0, 0, 2, 0, 0, 0, 0, 0, 0, 0, 0, 0, 0, 0, 0, 0, 0, 0, 0, 0, 0, 0, 0, 0, 0, 0, 1, 0, 0, 0, 0, 0, 0, 0, 0, 0, 0, 0, 1, 0, 0, 0, 0, 0, 0, 0, 0, 0, 0, 0, 0, 0, 0, 1, 0, 0, 0, 0, 0, 0, 1, 0, 0, 0, 0, 0, 0, 1, 0, 0, 0, 0, 0, 0, 0, 0, 0, 0, 0, 0, 0, 0, 0, 0, 0, 0, 0, 0, 0, 0, 0, 0, 0, 0, 0, 0, 0, 0, 0, 0, 0, 0, 0, 0, 0, 1, 0, 0, 0, 0, 0, 0, 0, 0, 0, 0, 0, 0, 0, 2, 0, 0, 0, 0, 0, 0, 0, 0, 0, 0, 0, 0, 0, 0, 0, 0, 0, 0, 1, 2, 0, 0, 0, 0, 0, 1, 0, 0, 0, 0, 0, 0, 0, 0, 0, 0, 0, 0, 0, 1, 0, 1, 0, 0, 0, 0, 0, 0, 0, 0, 0, 0, 0, 0, 1, 0, 0, 0, 0, 0, 0, 0, 0, 0, 0, 0, 0, 0, 0, 0, 1, 0, 0, 0, 0, 0, 0, 0, 0, 0, 0, 0, 0, 0, 0, 0, 0, 0, 0, 0, 0, 0, 0, 0, 0, 0, 0, 0, 1, 1, 0, 0, 0, 0, 0, 0, 0, 0, 0, 0, 0, 0, 0, 0, 0, 0, 0, 0, 0, 0, 0, 0, 0, 0, 0, 0, 0, 0, 0, 0, 0, 0, 0, 0, 0, 0, 0, 0, 0, 0, 0, 0, 0, 0, 0, 0, 0, 0, 0, 0, 0, 0, 1, 0, 0, 0, 0, 0, 1, 0, 0, 0, 1, 0, 0, 0, 0, 0, 0, 0, 0, 1, 0, 0, 0, 1, 0, 0, 0, 0, 1, 0, 0, 0, 0, 0, 0, 0, 0, 0, 0, 0, 0, 0, 0, 0, 0, 0, 1, 0, 0, 0, 0, 0, 0, 0, 0, 0, 0, 18, 0, 5, 0, 2, 0, 0, 0, 0, 0, 0, 0, 0, 0, 1, 0, 0, 0, 0, 0, 0, 0, 0, 0, 0, 0, 0, 0, 0, 0, 0, 0, 0, 1, 0, 0, 0, 0, 0, 0, 0, 0, 0, 0, 0, 0, 0, 271, 0, 0, 0, 0, 0, 0, 0, 0, 0, 3, 0, 0, 0, 0, 0, 0, 3, 0, 0, 0, 0, 0, 5, 0, 0, 0, 0, 0, 0, 0, 0, 0, 0, 0, 0, 0, 0, 0, 0, 1, 0, 0, 0, 0, 0, 0, 0, 0, 0, 0, 0, 0, 0, 0, 0, 0, 0, 0, 0, 0, 0, 0, 1, 0, 0, 2, 0, 0, 1, 0, 0, 0, 1, 0, 0, 0, 0, 0, 0, 0, 0, 0, 0, 0, 0, 0, 0, 0, 0, 0, 0, 1, 0, 0, 0, 0, 0, 0, 0, 0, 0, 0, 0, 0, 0, 0, 0, 0, 0, 0, 0, 0, 0, 0, 0, 0, 0, 0, 0, 0, 0, 0, 0, 0, 0, 0, 0, 0, 0, 0, 0, 0, 1, 0, 0, 0, 0, 0, 0, 0, 13, 0, 0, 0, 0, 0, 0, 0, 0, 0, 0, 0, 0, 0, 0, 0, 0, 0, 0, 0, 0, 0, 0, 0, 0, 1, 0, 0, 0, 0, 0, 1, 0, 0, 0, 0, 0, 0, 0, 0, 0, 0, 1, 0, 0, 0, 0, 0, 0, 0, 0, 0, 0, 1, 0, 0, 0, 0, 0, 0, 0, 0, 0, 0, 0, 0, 1, 0, 0, 0, 0, 0, 0, 2, 0, 0, 0, 0, 0, 0, 0, 0, 0, 0, 0, 0, 0, 0, 0, 0, 0, 0, 0, 0, 0, 1, 0, 0, 0, 0, 0, 0, 0, 0, 0, 0, 0, 0, 0, 0, 0, 0, 0, 0, 0, 0, 0, 0, 0, 0, 0, 1, 0, 5, 0, 0, 0, 0, 0, 0, 1, 0, 0, 0, 0, 18, 1, 0, 0, 0, 0, 0, 0, 0, 0, 0, 1, 0, 0, 0, 0, 0, 1, 1, 0, 0, 0, 0, 0, 0, 0, 0, 0, 0, 0, 0, 0, 0, 0, 6, 0, 0, 0, 0, 0, 0, 0, 0, 1, 0, 0, 0, 0, 0, 0, 0, 0, 0, 0, 0, 0, 0, 0, 0, 1, 0, 0, 0, 0, 0, 0, 0, 0, 0, 0, 0, 0, 0, 0, 0, 0, 0, 0, 1, 0, 0, 0, 0, 0, 0, 0, 0, 0, 0, 0, 0, 0, 1, 0, 1, 0, 0, 0, 0, 2, 0, 0, 0, 0, 0, 0, 0, 0, 0, 0, 0, 0, 0, 0, 0, 0, 0, 0, 0, 0, 0, 0, 0, 0, 0, 0, 0, 0, 0, 0, 0, 0, 0, 0, 0, 0, 0, 0, 0, 0, 0, 0, 0, 0, 0, 0, 0, 0, 0, 0, 0, 0, 0, 0, 0, 0, 0, 0, 0, 0, 0, 0, 0, 0, 0, 0, 0, 0, 0, 0, 0, 0, 0, 0, 0, 0, 0, 0, 0, 0, 0, 0, 1, 0, 0, 0, 0, 0, 0, 0, 0, 0, 0, 0, 0, 0, 0, 0, 0, 0, 0, 15, 0, 0, 0, 0, 0, 0, 1, 0, 0, 0, 0, 0, 0, 0, 0, 0, 0, 0, 0, 0, 0, 0, 0, 0, 0, 0, 0, 0, 0, 0, 0, 0, 0, 0, 0, 0, 0, 0, 0, 2, 0, 0, 0, 0, 0, 0, 0, 0, 0, 0, 0, 0, 0, 1, 0, 0, 1, 0, 0, 0, 0, 0, 0, 1, 0, 0, 0, 0, 0, 0, 0, 1, 0, 0, 0, 0, 0, 0, 0, 0, 0, 0, 0, 0, 0, 0, 0, 0]
propagation_delay_min: 0.0
propagation_delay_mean: 3596.240221752904
propagation_delay_max: 231841.53
reaction_time_min: 0.0
reaction_time_mean: 3596.240221752904
reaction_time_max: 231841.53
betweenness_centrality: {'ROOT': 0.0, '14780915': 0.001059322033898305, '134604434': 0.0, '483852768': 0.0, '167499782': 0.0, '25977992': 6.740118985567159e-06, '264025310': 0.0, '151181854': 0.0, '44416740': 0.0, '228239610': 0.0, '108878388': 0.0, '3378165052': 0.0, '274283907': 0.0, '1837764164': 0.0, '22982905': 0.0, '20363221': 0.0, '131261766': 0.0, '1559459942': 0.0, '43044371': 0.0, '40367593': 0.0, '53742492': 0.0, '544763600': 0.0, '53740788': 0.0, '986000659': 0.0, '1369372770': 0.0, '2655375938': 0.0, '76416570': 0.0, '131218607': 0.0, '798228888': 0.0, '3410392181': 2.246706328522386e-06, '3893155828': 0.0, '557340138': 0.0, '2999799135': 0.0, '562140192': 0.0, '2231624176': 0.0, '33262262': 0.0, '111179610': 0.0, '2369421828': 0.0, '534377079': 0.0, '176151940': 0.0, '61562829': 0.0, '4167552612': 2.246706328522386e-06, '224261544': 0.0, '208805507': 0.0, '2548752248': 0.0, '105177140': 0.0, '2307269408': 0.0, '251934258': 0.0, '834672494': 0.0, '3131025898': 0.0, '740459431': 0.0, '2729514258': 0.0, '2981494324': 0.0, '76801719': 0.0, '3249903512': 0.0, '3250031252': 0.0, '392660964': 2.246706328522386e-06, '744091993': 0.0, '70400719': 0.0, '22816540': 0.0, '299867150': 0.0, '2248995806': 0.0, '1316597214': 0.0, '380654512': 2.246706328522386e-06, '525861348': 0.0, '169532484': 0.0, '376410324': 0.0, '19744868': 0.0, '15352701': 0.0, '66217769': 0.0, '68005758': 2.246706328522386e-06, '346324102': 0.0, '1855652622': 0.0, '597714061': 0.0, '132297387': 0.0, '34900012': 0.0, '2285294886': 0.0, '4635019873': 0.0, '10673142': 0.0, '55003880': 0.0, '1096070082': 0.0, '2860657448': 0.0, '592051519': 0.0, '198438221': 0.0, '2268820129': 0.0, '980615552': 0.0, '3291288247': 0.0, '16378565': 0.0, '701635381': 0.0, '23060606': 0.0, '2186919794': 0.0, '131078910': 0.0, '3130553793': 0.0, '2952140760': 0.0, '3362639164': 0.0, '1117192483': 0.0, '547254967': 0.0, '1469718721': 0.0, '27446853': 0.0, '1334939198': 0.0, '126955446': 0.0, '18156041': 0.0, '630531378': 0.0, '460293070': 0.0, '42751191': 0.0, '2256018655': 0.0, '86029934': 0.0, '814767480': 0.0, '51043217': 4.493412657044772e-06, '366706718': 0.0, '3547860922': 0.0, '161107069': 0.0, '34698537': 0.0, '902969929': 0.0, '468676372': 0.0, '108668295': 0.0, '3277988528': 0.0, '341242485': 0.0, '379218995': 0.0, '216505550': 0.0, '1588273088': 0.0, '2828269552': 0.0, '2721211433': 4.493412657044772e-06, '2597313344': 0.0, '295279940': 0.0, '4164821619': 0.0, '82862184': 0.0, '1115701340': 0.0, '1310670458': 0.0, '168540889': 0.0, '2557480471': 0.0, '250852979': 0.0, '426350100': 0.0, '128663088': 0.0, '1162910264': 0.0, '2614693171': 0.0, '2586357450': 0.0, '142467719': 0.0, '2898023995': 0.0, '4196579008': 0.0, '6168892': 0.0, '17433698': 2.246706328522386e-06, '232508631': 4.493412657044772e-06, '4153109893': 0.0, '1923605484': 0.0, '16712458': 0.0, '82667655': 0.0, '2831533690': 0.0, '2299645670': 4.493412657044772e-06, '19562986': 0.0, '1089819709': 0.0, '323749554': 0.0, '3243811459': 0.0, '2216042148': 0.0, '755450281': 0.0, '2406052447': 0.0, '3368087645': 0.0, '49574604': 0.0, '15141538': 0.0, '3372651202': 0.0, '30767483': 0.0, '381861091': 0.0, '3156794327': 3.3700594927835793e-06, '390533335': 0.0, '14643601': 2.246706328522386e-06, '320960188': 0.0, '3415605173': 0.0, '17477007': 0.0, '2733366315': 0.0, '3144427503': 0.0, '2231241462': 0.0, '53309284': 0.0, '3165880261': 0.0, '982798494': 0.0, '264887071': 0.0, '1368313046': 0.0, '552283297': 0.0, '1434458600': 2.246706328522386e-06, '1157709240': 0.0, '26390996': 0.0, '3179765383': 0.0, '597824747': 0.0, '451021651': 0.0, '3235319107': 0.0, '774074353': 0.0, '59025263': 0.0, '3057075028': 0.0, '2391072522': 0.0, '158161681': 0.0, '73265010': 0.0, '3119929172': 0.0, '395496574': 0.0, '288417953': 0.0, '364964115': 3.3700594927835793e-06, '332682478': 0.0, '2877159675': 0.0, '2252911737': 0.0, '59339868': 0.0, '460545147': 0.0, '4634411550': 0.0, '18828307': 0.0, '3324261925': 0.0, '132150758': 0.0, '19318942': 0.0, '17681039': 0.0, '172394146': 0.0, '375811585': 0.0, '2301544282': 0.0, '17462880': 0.0, '28384699': 0.0, '53876028': 0.0, '18077892': 0.0, '706942489': 0.0, '118878820': 0.0, '3368688699': 0.0, '142940211': 0.0, '208790785': 0.0, '95176269': 0.0, '2739714312': 0.0, '1069665522': 0.0, '734183725': 0.0, '412832406': 4.493412657044772e-06, '149726194': 2.246706328522386e-06, '114765737': 0.0, '1814281338': 0.0, '187420777': 0.0, '2558264503': 0.0, '37998935': 0.0, '4696578943': 0.0, '1308790939': 0.0, '23363259': 0.0, '2911287137': 0.0, '1657869156': 0.0, '90935341': 0.0, '520554774': 0.0, '4362112461': 0.0, '109595193': 0.0, '160299773': 0.0, '3349406315': 0.0, '225011267': 0.0, '392302815': 0.0, '84706614': 0.0, '447150844': 0.0, '1925527362': 0.0, '563325560': 0.0, '173922006': 0.0, '2344648615': 0.0, '1278735576': 0.0, '236636021': 0.0, '2459961265': 0.0, '3351464652': 0.0, '4512908194': 0.0, '1644280026': 0.0, '3033563362': 0.0, '1966222663': 0.0, '2453859889': 0.0, '1639169202': 0.0, '24419224': 0.0, '2334281479': 0.0, '32181947': 0.0, '1261177910': 0.0, '1013519742': 0.0, '562177112': 0.0, '383998362': 0.0, '67972602': 0.0, '894337872': 0.0, '749689939': 0.0, '285614838': 0.0, '2802464610': 0.0, '1002990014': 0.0, '4748971693': 0.0, '2183846947': 0.0, '1413952950': 0.0, '3497381957': 0.0, '2764465137': 0.0, '355771011': 0.0, '632515978': 0.0, '4091937494': 0.0, '3245545490': 0.0, '3946945408': 0.0, '2996240890': 0.0, '997767901': 2.246706328522386e-06, '42318702': 0.0, '4487653995': 0.0, '348617347': 0.0, '266492879': 2.246706328522386e-06, '584413007': 0.0, '320908744': 0.0, '129830039': 0.0, '125786554': 0.0, '1103545254': 0.0, '405141287': 0.0, '525690947': 0.0, '128510907': 0.0, '80665150': 2.246706328522386e-06, '4497065014': 0.0, '351168121': 0.0, '24181622': 0.0, '449537364': 3.3700594927835793e-06, '254888559': 0.0, '2159652854': 0.0, '920068494': 0.0, '620012254': 0.0, '293852633': 2.246706328522386e-06, '361332351': 0.0, '348481443': 0.0, '107486006': 0.0, '1022273234': 0.0, '71637035': 0.0, '461713803': 0.0, '25278417': 0.0, '55767951': 0.0, '299371611': 0.0, '43345028': 0.0, '1181264977': 0.0, '2674573090': 0.0, '306897161': 0.0, '133546646': 0.0, '1390550874': 0.0, '2418739581': 0.0, '3854278042': 0.0, '462048058': 2.246706328522386e-06, '2997329356': 0.0, '179510058': 0.0, '2253895992': 0.0, '2508053000': 0.0, '64024520': 0.0, '49384990': 0.0, '1711429568': 0.0, '3347587043': 0.0, '3020232633': 0.0, '99350609': 0.0, '313883561': 4.044071391340295e-05, '2854065816': 0.0, '2760168122': 1.123353164261193e-05, '622211420': 0.0, '570406928': 4.493412657044772e-06, '101232162': 0.0, '1258253400': 0.0, '1109873461': 0.0, '356733863': 0.0, '47271718': 0.0, '1555140278': 0.0, '369273620': 0.0, '550582173': 0.0, '22238846': 0.0, '1382849929': 2.246706328522386e-06, '21611105': 0.0, '471325025': 0.0, '1552699657': 0.0, '396692953': 0.0, '1623105589': 0.0, '2934501433': 0.0, '78796335': 0.0, '1447165484': 0.0, '216281928': 0.0, '65597001': 0.0, '23349680': 0.0, '3020189160': 0.0, '330701605': 0.0, '24215769': 0.0, '4662011236': 0.0, '2345928300': 0.0, '206936731': 0.0, '2580728592': 0.0, '206850624': 2.246706328522386e-06, '2431234645': 0.0, '25624684': 0.0, '376520695': 0.0, '396267561': 0.0, '795079657': 0.0, '346884443': 0.0, '2248918118': 0.0, '1053230070': 0.0, '79789422': 0.0, '18789472': 0.0, '3034600243': 0.0, '2560320068': 0.0, '3425368520': 0.0, '15074642': 0.0007032190808275068, '3257645817': 0.0, '1353100082': 0.0, '199368416': 0.0, '456927959': 0.0, '116538557': 0.0, '154601170': 0.0, '1097036059': 0.0, '237451573': 0.0, '364500346': 0.0, '12039612': 1.0110178478350737e-05, '1867462279': 0.0, '1000055786': 0.0, '4853317732': 0.0, '340018848': 0.0, '2192358347': 0.0, '178723657': 0.0, '17250722': 1.797365062817909e-05, '436343695': 0.0, '1212020275': 0.0, '555296754': 0.0, '161715234': 0.0, '227231005': 0.0, '50560529': 1.6850297463917894e-05, '208446510': 0.0, '410425812': 0.0, '118073224': 0.0, '239611711': 0.0, '2974825673': 0.0, '23174259': 0.0, '299368397': 0.0, '529669380': 0.0, '1529048696': 0.0, '162720957': 0.0, '448728308': 0.0, '16845518': 0.0, '44303297': 0.0, '728967770': 0.0, '238183293': 0.0, '3893542873': 0.0, '39206452': 2.246706328522386e-06, '1002986970': 0.0, '140311902': 0.0, '627567196': 0.0, '514564097': 0.0, '3138475364': 0.0, '280524422': 0.0, '2276666369': 0.0, '2957752774': 0.0, '2366292126': 0.0, '359629907': 0.0, '86656599': 0.0, '188983641': 0.0, '146279070': 0.0, '613979238': 0.0, '311748432': 0.0, '173518370': 0.0, '1452955104': 0.0, '19133190': 0.0, '999758186': 0.0, '3060657935': 0.0, '263961264': 0.0, '39461440': 0.0, '2710413261': 3.3700594927835793e-06, '73220679': 0.0, '108462429': 0.0, '2570353677': 6.740118985567159e-06, '283248949': 0.0, '2891675893': 0.0, '356216849': 2.246706328522386e-06, '1158409062': 0.0, '711515697': 0.0, '397330219': 0.0, '86841095': 3.3700594927835793e-06, '486025962': 0.0, '3081563001': 0.0, '295070040': 0.0, '1274906089': 0.0, '617445395': 0.0, '548245798': 0.0, '371979214': 0.0, '2360017619': 0.0, '218728646': 0.0, '1005171644': 0.0, '3417858869': 0.0, '401135729': 0.0, '4351218261': 0.0, '602051326': 0.0, '267347664': 0.0, '1885371721': 0.0, '396715794': 0.0, '313397557': 0.0, '22396684': 2.246706328522386e-06, '27490108': 0.0, '76187077': 0.0, '2540653680': 0.0, '44513094': 0.0, '595294293': 0.0, '4241255472': 0.0, '4274640315': 0.0, '27258214': 0.0, '4188390915': 0.0, '4415921534': 0.0, '2515673506': 0.0, '704042930': 0.0, '2252591495': 0.0, '2576672865': 0.0, '274746359': 0.0, '4836445371': 0.0, '584913961': 0.0, '725007823': 0.0, '871560648': 0.0, '770678370': 0.0, '3057902932': 0.0, '47623565': 0.0, '2412667112': 0.0, '1681693314': 0.0, '374874912': 0.0, '2961756552': 0.0, '3385339072': 0.0, '14251990': 0.0, '62371250': 0.0, '342419351': 0.0, '2521371388': 0.0, '162216609': 0.0, '335573487': 0.0, '105431997': 0.0, '4403818935': 0.0, '2688525469': 0.0, '1105821734': 0.0, '17066388': 0.0, '1903615927': 0.0, '21609494': 0.0, '824696641': 2.246706328522386e-06, '33961998': 0.0, '608426933': 0.0, '158126334': 0.0, '351118302': 0.0, '842466654': 0.0, '2287519784': 0.0, '355138290': 0.0, '52974864': 3.8194007584880566e-05, '83730459': 0.0, '783449154': 0.0, '2170777626': 0.0, '96811542': 0.0, '1387111609': 0.0, '446480712': 0.0, '2271831132': 0.0, '3139438400': 0.0, '42220462': 0.0, '3298360182': 0.0, '100869607': 0.0, '2211584960': 0.0, '2811653162': 0.0, '560532911': 0.0, '25516755': 0.0, '2295778861': 0.0, '277144040': 0.0, '472550236': 0.0, '501223188': 0.0, '1618819327': 0.0, '1593279860': 0.0, '408060663': 0.0, '87263988': 0.0, '2631386394': 0.0, '1332073051': 3.3700594927835793e-06, '154303863': 0.0, '224406294': 0.0, '49770643': 0.0, '2357636321': 0.0, '28793116': 0.0, '741322076': 2.246706328522386e-06, '3305135446': 0.0, '36961523': 0.0, '272748593': 0.0, '2360155936': 0.0, '251444483': 0.0, '1058959866': 0.0, '51159255': 0.0, '4691905832': 0.0, '617490706': 0.0, '59431083': 0.0, '2480060552': 2.246706328522386e-06, '3776689693': 0.0, '157417926': 0.0, '24602689': 0.0, '710701560': 0.0, '3325151617': 0.0, '2993111835': 0.0, '2240766774': 0.0, '323048301': 0.0, '1518364441': 0.0, '480979063': 0.0, '24119637': 3.3700594927835793e-06, '630068274': 0.0, '24574385': 0.0, '2384668045': 0.0, '33103659': 0.0, '1227873152': 0.0, '617162994': 0.0, '192342066': 0.0, '1956348492': 0.0, '264428688': 0.0, '446379973': 0.0, '1632568819': 0.0, '132388899': 0.0, '1069041350': 2.246706328522386e-06, '159945009': 0.0, '2731075099': 0.0, '3081192006': 0.0, '4375386021': 0.0, '428446105': 0.0, '2345832348': 0.0, '346409448': 6.740118985567159e-06, '462099079': 0.0, '35274021': 0.0, '25538740': 0.0, '488715106': 0.0, '329080556': 0.0, '2502700865': 0.0, '220139206': 0.0, '1051852290': 0.0, '260806873': 0.0, '1523615376': 0.0, '2789780357': 0.0, '200861021': 0.0, '223664606': 0.0, '102479380': 0.0, '30011580': 0.0, '2433233743': 0.0, '1867726074': 0.0, '561609129': 0.0, '4602425967': 0.0, '126963200': 0.0, '124411078': 0.0, '1269149490': 3.3700594927835793e-06, '605759076': 0.0, '3085004867': 0.0, '114967263': 0.0, '4739186597': 0.0, '3088896016': 0.0, '3091942775': 0.0, '626106079': 0.0, '752085157': 0.0, '1286896760': 0.0, '1523381114': 0.0, '1113959270': 0.0, '2911855887': 0.0, '1391261419': 0.0, '3244146459': 0.0, '2257295402': 0.0, '164036683': 0.0, '4734888869': 0.0, '1609595372': 0.0, '4731534319': 0.0, '3635762235': 0.0, '275741167': 0.0, '596338727': 0.0, '2642823770': 0.0, '314901964': 0.0, '353500834': 0.0, '2408630268': 3.3700594927835793e-06, '753002636': 0.0, '145134405': 1.6850297463917894e-05, '3303152528': 0.0, '2842615187': 0.0, '103668450': 0.0, '789845232': 0.0, '506811114': 0.0, '563311298': 0.0, '2707040203': 2.246706328522386e-06, '3053152752': 0.0, '40166085': 0.0, '4428168552': 0.0, '263207812': 0.0, '38316003': 8.425148731958948e-05, '495394140': 2.246706328522386e-06, '277320115': 0.0, '875063041': 0.0, '13392712': 0.0, '298820773': 0.0, '415923699': 0.0, '1322341045': 0.0, '618521344': 0.0, '22627356': 0.0, '69645672': 0.0, '570838392': 3.3700594927835793e-06, '39489662': 0.0, '735286410': 0.0, '23774512': 0.0, '886391118': 0.0, '482198815': 0.0, '127635166': 2.246706328522386e-06, '112223288': 2.246706328522386e-06, '577507022': 0.0, '21342757': 0.0, '3023561283': 0.0, '401128625': 0.0, '165020784': 0.0, '2597099498': 0.0, '3107971424': 0.0, '390185669': 0.0, '24599740': 0.0, '405935409': 0.0, '473163165': 0.0, '438493116': 0.0, '278570282': 0.0, '194891779': 0.0, '516793964': 0.0, '43514656': 2.6960475942268635e-05, '42696696': 0.0, '3938655789': 0.0, '210686506': 0.0, '608486210': 0.0, '323596664': 0.0, '166859224': 0.0, '185394509': 0.0, '397556392': 0.0, '19556943': 4.493412657044772e-06, '1136566428': 0.0, '61114291': 0.0, '41056397': 0.0, '1678265455': 0.0, '2735712148': 0.0, '255723883': 0.0, '120996085': 0.0, '4229327445': 0.0, '835560578': 0.0, '499325775': 0.0, '200652342': 0.0, '216286653': 0.0, '275139447': 0.0, '390801495': 0.0, '248960729': 0.0, '403623277': 2.246706328522386e-06, '3400253735': 0.0, '191307897': 0.0, '1107225026': 0.0, '589307828': 0.0, '2553052862': 0.0, '1242801654': 0.0, '711803319': 0.0, '221324317': 0.0, '2653386751': 0.0, '142387644': 0.0, '201770128': 0.0, '37118355': 0.0, '1263264403': 0.0, '403497711': 0.0, '1149676730': 0.0, '863321754': 0.0, '493919468': 0.0, '153999596': 0.0, '50576342': 3.3700594927835793e-06, '53271121': 0.0, '4634276182': 0.0, '921209858': 0.0, '4332874932': 0.0, '2337376513': 0.0, '2976527709': 0.0, '174559901': 0.0, '1423476212': 0.0, '358087428': 0.0, '2161171255': 0.0, '1705614920': 0.0, '2430891234': 0.0, '183161478': 0.0, '458218347': 2.246706328522386e-06, '636772421': 0.0, '1593741330': 0.0, '296746494': 0.0, '319345105': 0.0, '576289357': 0.0, '2296400734': 0.0, '79132783': 6.740118985567159e-06, '106481167': 0.0, '47461166': 0.0, '20361952': 0.0, '1418482062': 0.0, '487493545': 0.0, '3770620529': 0.0, '17707503': 0.0, '74968985': 0.0, '159970871': 0.0, '4163814733': 0.0, '3393497355': 0.0, '21988504': 0.0, '4196449090': 0.0, '222260892': 0.0, '329614637': 0.0, '348314371': 0.0, '3246491110': 0.0, '251314484': 0.0, '149220240': 0.0, '891804636': 0.0, '750905989': 0.0, '408112881': 0.0, '321545965': 0.0, '14049937': 0.0, '75085381': 0.0, '4426301357': 0.0, '3292335082': 0.0, '2744371922': 0.0, '19668193': 0.0, '3294220606': 0.0, '1683826063': 0.0, '69492564': 0.0, '266839415': 0.0, '273686428': 0.0, '2888648599': 0.0, '2859040841': 0.0, '582133171': 0.0, '847055478': 0.0, '142599535': 0.0, '2966947426': 0.0, '168903816': 0.0, '18942944': 0.0, '390914157': 0.0, '1245058735': 0.0, '4747926640': 0.0, '436395705': 0.0, '2252408713': 0.0, '35029524': 0.0, '3126769323': 0.0, '2715311755': 0.0, '71359204': 0.0, '26305364': 0.0, '2661057973': 0.0, '120184757': 0.0, '3062942875': 0.0, '103620702': 0.0, '4077650776': 0.0, '827806148': 0.0, '343345937': 0.0, '46232913': 0.0, '157075533': 0.0, '1558304270': 0.0, '1297196570': 0.0, '1467157484': 0.0, '2426201857': 0.0, '34065444': 0.0, '17266544': 0.0, '487595501': 0.0, '46002254': 0.0, '1136336515': 0.0, '2573126629': 0.0, '1542098120': 0.0, '192115955': 0.0, '3463833133': 0.0, '3005433636': 0.0, '3041544546': 0.0, '3055761786': 0.0, '1569020196': 0.0, '1357178863': 0.0, '3453176653': 0.0, '822356726': 0.0, '379208271': 0.0, '2527948974': 3.3700594927835793e-06, '311477706': 0.0, '2942307099': 0.0, '3435634593': 0.0, '2864207333': 0.0, '2228964572': 0.0, '2957975807': 0.0, '372558877': 0.0, '2979110165': 0.0, '561170887': 0.0, '1696407151': 0.0, '2543755974': 0.0, '387026898': 0.0, '3105215810': 0.0, '3236218886': 0.0, '444662457': 0.0, '149873826': 0.0, '2541238766': 0.0, '55365020': 0.0, '61391304': 3.370059492783579e-05, '2655437924': 0.0, '263421803': 0.0, '253829984': 0.0, '82555604': 0.0, '49047921': 0.0, '1504607612': 0.0, '570292348': 2.246706328522386e-06, '42977336': 0.0, '1177107182': 0.0, '273485579': 0.0, '4603476316': 0.0, '96900256': 0.0, '21205051': 0.0, '312888190': 0.0, '18496438': 0.0, '915227623': 0.0, '2845920603': 0.0, '818552652': 0.0, '1915992901': 0.0, '319410535': 0.0, '838479409': 0.0, '19290312': 0.0, '956201738': 0.0, '1325347532': 0.0, '308801969': 0.0, '25419957': 0.0, '24454003': 0.0, '2743360097': 0.0, '2359574057': 0.0, '271042997': 0.0, '2249106747': 0.0, '1552867646': 0.0, '4871757008': 0.0, '3068937225': 0.0, '2935308705': 0.0, '2205152015': 0.0, '2278222718': 0.0, '3752154268': 0.0, '1062438876': 0.0, '26793054': 4.493412657044772e-06, '17824471': 0.0, '536850892': 0.0, '535612119': 0.0, '2907101055': 0.0, '3898716857': 0.0, '16559696': 0.0, '3242780343': 0.0, '633084647': 0.0, '236143101': 0.0, '4860901845': 0.0, '44810955': 0.0, '4858959634': 0.0, '2454238008': 0.0, '131332659': 2.246706328522386e-06, '1625678436': 0.0, '2549099625': 0.0, '3986968332': 2.246706328522386e-06, '2578969358': 0.0, '4911110944': 0.0, '81017622': 0.0, '592762164': 0.0, '4884640695': 0.0, '4912907644': 0.0, '2921960117': 2.246706328522386e-06, '3007251809': 0.0, '3648884122': 0.0, '4701441612': 0.0, '1062196561': 0.0, '141295411': 0.0, '183185962': 0.0, '117647221': 0.0, '704329694339006465': 2.246706328522386e-06, '4885628296': 0.0, '705360274639998976': 0.0, '232286258': 0.0, '278646928': 0.0, '2468672388': 0.0, '2528840349': 0.0, '715621884986060800': 0.0, '3380793023': 0.0, '620347239': 0.0, '1292082252': 0.0, '407200466': 0.0, '1880355319': 0.0, '710827066791317504': 0.0, '2936360566': 0.0, '3064462324': 0.0, '743823879978647552': 0.0}
closeness_centrality: {'ROOT': 0.0, '14780915': 0.001059322033898305, '134604434': 0.0014124293785310734, '483852768': 0.0014124293785310734, '167499782': 0.0014124293785310734, '25977992': 0.0014124293785310734, '264025310': 0.0014124293785310734, '151181854': 0.0014124293785310734, '44416740': 0.0014124293785310734, '228239610': 0.0014124293785310734, '108878388': 0.0014124293785310734, '3378165052': 0.0014124293785310734, '274283907': 0.0014124293785310734, '1837764164': 0.0014124293785310734, '22982905': 0.0014124293785310734, '20363221': 0.0014124293785310734, '131261766': 0.0014124293785310734, '1559459942': 0.0014124293785310734, '43044371': 0.0014124293785310734, '40367593': 0.0014124293785310734, '53742492': 0.0014124293785310734, '544763600': 0.0014124293785310734, '53740788': 0.0014124293785310734, '986000659': 0.0014124293785310734, '1369372770': 0.0014124293785310734, '2655375938': 0.0014124293785310734, '76416570': 0.0014124293785310734, '131218607': 0.0014124293785310734, '798228888': 0.0014124293785310734, '3410392181': 0.0014124293785310734, '3893155828': 0.0014124293785310734, '557340138': 0.0014124293785310734, '2999799135': 0.0014124293785310734, '562140192': 0.0014124293785310734, '2231624176': 0.0014124293785310734, '33262262': 0.0014124293785310734, '111179610': 0.0014124293785310734, '2369421828': 0.0014124293785310734, '534377079': 0.0014124293785310734, '176151940': 0.0014124293785310734, '61562829': 0.0014124293785310734, '4167552612': 0.0014124293785310734, '224261544': 0.0014124293785310734, '208805507': 0.0014124293785310734, '2548752248': 0.0014124293785310734, '105177140': 0.0014124293785310734, '2307269408': 0.0014124293785310734, '251934258': 0.0014124293785310734, '834672494': 0.0014124293785310734, '3131025898': 0.0014124293785310734, '740459431': 0.0014124293785310734, '2729514258': 0.0014124293785310734, '2981494324': 0.0014124293785310734, '76801719': 0.0014124293785310734, '3249903512': 0.0014124293785310734, '3250031252': 0.0014124293785310734, '392660964': 0.0014124293785310734, '744091993': 0.0014124293785310734, '70400719': 0.0014124293785310734, '22816540': 0.0014124293785310734, '299867150': 0.0014124293785310734, '2248995806': 0.0014124293785310734, '1316597214': 0.0014124293785310734, '380654512': 0.0014124293785310734, '525861348': 0.0014124293785310734, '169532484': 0.0014124293785310734, '376410324': 0.0014124293785310734, '19744868': 0.0014124293785310734, '15352701': 0.0014124293785310734, '66217769': 0.0014124293785310734, '68005758': 0.0014124293785310734, '346324102': 0.0014124293785310734, '1855652622': 0.0014124293785310734, '597714061': 0.0014124293785310734, '132297387': 0.0014124293785310734, '34900012': 0.0014124293785310734, '2285294886': 0.0014124293785310734, '4635019873': 0.0014124293785310734, '10673142': 0.0014124293785310734, '55003880': 0.0014124293785310734, '1096070082': 0.0014124293785310734, '2860657448': 0.0014124293785310734, '592051519': 0.0014124293785310734, '198438221': 0.0014124293785310734, '2268820129': 0.0014124293785310734, '980615552': 0.0014124293785310734, '3291288247': 0.0014124293785310734, '16378565': 0.0014124293785310734, '701635381': 0.0014124293785310734, '23060606': 0.0014124293785310734, '2186919794': 0.0014124293785310734, '131078910': 0.0014124293785310734, '3130553793': 0.0014124293785310734, '2952140760': 0.0014124293785310734, '3362639164': 0.0014124293785310734, '1117192483': 0.0014124293785310734, '547254967': 0.0014124293785310734, '1469718721': 0.0014124293785310734, '27446853': 0.0014124293785310734, '1334939198': 0.0014124293785310734, '126955446': 0.0014124293785310734, '18156041': 0.0014124293785310734, '630531378': 0.0014124293785310734, '460293070': 0.0014124293785310734, '42751191': 0.0015889830508474577, '2256018655': 0.0014124293785310734, '86029934': 0.0014124293785310734, '814767480': 0.0014124293785310734, '51043217': 0.0014124293785310734, '366706718': 0.0014124293785310734, '3547860922': 0.0014124293785310734, '161107069': 0.0014124293785310734, '34698537': 0.0014124293785310734, '902969929': 0.0014124293785310734, '468676372': 0.0014124293785310734, '108668295': 0.0014124293785310734, '3277988528': 0.0014124293785310734, '341242485': 0.0014124293785310734, '379218995': 0.0014124293785310734, '216505550': 0.0014124293785310734, '1588273088': 0.0014124293785310734, '2828269552': 0.0014124293785310734, '2721211433': 0.0014124293785310734, '2597313344': 0.0014124293785310734, '295279940': 0.0014124293785310734, '4164821619': 0.0014124293785310734, '82862184': 0.0014124293785310734, '1115701340': 0.0014124293785310734, '1310670458': 0.0014124293785310734, '168540889': 0.0014124293785310734, '2557480471': 0.0014124293785310734, '250852979': 0.0015889830508474577, '426350100': 0.0014124293785310734, '128663088': 0.0014124293785310734, '1162910264': 0.0014124293785310734, '2614693171': 0.0014124293785310734, '2586357450': 0.0014124293785310734, '142467719': 0.0014124293785310734, '2898023995': 0.0014124293785310734, '4196579008': 0.0014124293785310734, '6168892': 0.0014124293785310734, '17433698': 0.0014124293785310734, '232508631': 0.0014124293785310734, '4153109893': 0.0014124293785310734, '1923605484': 0.0014124293785310734, '16712458': 0.0014124293785310734, '82667655': 0.0014124293785310734, '2831533690': 0.0014124293785310734, '2299645670': 0.0014124293785310734, '19562986': 0.0014124293785310734, '1089819709': 0.0014124293785310734, '323749554': 0.0014124293785310734, '3243811459': 0.0014124293785310734, '2216042148': 0.0014124293785310734, '755450281': 0.0014124293785310734, '2406052447': 0.0014124293785310734, '3368087645': 0.0014124293785310734, '49574604': 0.0014124293785310734, '15141538': 0.0014124293785310734, '3372651202': 0.0014124293785310734, '30767483': 0.0014124293785310734, '381861091': 0.0014124293785310734, '3156794327': 0.0015889830508474577, '390533335': 0.0014124293785310734, '14643601': 0.0014124293785310734, '320960188': 0.0014124293785310734, '3415605173': 0.0014124293785310734, '17477007': 0.0014124293785310734, '2733366315': 0.0014124293785310734, '3144427503': 0.0014124293785310734, '2231241462': 0.0014124293785310734, '53309284': 0.0014124293785310734, '3165880261': 0.0014124293785310734, '982798494': 0.0014124293785310734, '264887071': 0.0014124293785310734, '1368313046': 0.0014124293785310734, '552283297': 0.0014124293785310734, '1434458600': 0.0014124293785310734, '1157709240': 0.0014124293785310734, '26390996': 0.0014124293785310734, '3179765383': 0.0014124293785310734, '597824747': 0.0014124293785310734, '451021651': 0.0014124293785310734, '3235319107': 0.0014124293785310734, '774074353': 0.0014124293785310734, '59025263': 0.0014124293785310734, '3057075028': 0.0014124293785310734, '2391072522': 0.0015889830508474577, '158161681': 0.0014124293785310734, '73265010': 0.0014124293785310734, '3119929172': 0.0015889830508474577, '395496574': 0.0015889830508474577, '288417953': 0.0014124293785310734, '364964115': 0.0015889830508474577, '332682478': 0.0014124293785310734, '2877159675': 0.0014124293785310734, '2252911737': 0.0014124293785310734, '59339868': 0.0014124293785310734, '460545147': 0.0014124293785310734, '4634411550': 0.0014124293785310734, '18828307': 0.0014124293785310734, '3324261925': 0.0014124293785310734, '132150758': 0.0014124293785310734, '19318942': 0.0014124293785310734, '17681039': 0.0014124293785310734, '172394146': 0.0014124293785310734, '375811585': 0.0014124293785310734, '2301544282': 0.0014124293785310734, '17462880': 0.0014124293785310734, '28384699': 0.0014124293785310734, '53876028': 0.0014124293785310734, '18077892': 0.0014124293785310734, '706942489': 0.0014124293785310734, '118878820': 0.0014124293785310734, '3368688699': 0.0014124293785310734, '142940211': 0.0014124293785310734, '208790785': 0.0014124293785310734, '95176269': 0.0015889830508474577, '2739714312': 0.0014124293785310734, '1069665522': 0.0014124293785310734, '734183725': 0.0014124293785310734, '412832406': 0.0014124293785310734, '149726194': 0.0023834745762711866, '114765737': 0.0014124293785310734, '1814281338': 0.0014124293785310734, '187420777': 0.0014124293785310734, '2558264503': 0.0014124293785310734, '37998935': 0.0014124293785310734, '4696578943': 0.0014124293785310734, '1308790939': 0.0014124293785310734, '23363259': 0.0014124293785310734, '2911287137': 0.0014124293785310734, '1657869156': 0.0014124293785310734, '90935341': 0.0014124293785310734, '520554774': 0.0014124293785310734, '4362112461': 0.0015889830508474577, '109595193': 0.0014124293785310734, '160299773': 0.0014124293785310734, '3349406315': 0.0016949152542372883, '225011267': 0.0014124293785310734, '392302815': 0.0014124293785310734, '84706614': 0.0014124293785310734, '447150844': 0.0014124293785310734, '1925527362': 0.0014124293785310734, '563325560': 0.0015889830508474577, '173922006': 0.0014124293785310734, '2344648615': 0.0014124293785310734, '1278735576': 0.0014124293785310734, '236636021': 0.0014124293785310734, '2459961265': 0.0014124293785310734, '3351464652': 0.0014124293785310734, '4512908194': 0.0014124293785310734, '1644280026': 0.0014124293785310734, '3033563362': 0.0014124293785310734, '1966222663': 0.0014124293785310734, '2453859889': 0.0014124293785310734, '1639169202': 0.0014124293785310734, '24419224': 0.0014124293785310734, '2334281479': 0.0014124293785310734, '32181947': 0.0014124293785310734, '1261177910': 0.0014124293785310734, '1013519742': 0.0014124293785310734, '562177112': 0.0014124293785310734, '383998362': 0.0014124293785310734, '67972602': 0.0014124293785310734, '894337872': 0.0014124293785310734, '749689939': 0.0014124293785310734, '285614838': 0.0014124293785310734, '2802464610': 0.0014124293785310734, '1002990014': 0.0014124293785310734, '4748971693': 0.0014124293785310734, '2183846947': 0.0014124293785310734, '1413952950': 0.0015889830508474577, '3497381957': 0.0014124293785310734, '2764465137': 0.0014124293785310734, '355771011': 0.0015889830508474577, '632515978': 0.0014124293785310734, '4091937494': 0.0014124293785310734, '3245545490': 0.0014124293785310734, '3946945408': 0.0014124293785310734, '2996240890': 0.0014124293785310734, '997767901': 0.0014124293785310734, '42318702': 0.0014124293785310734, '4487653995': 0.0014124293785310734, '348617347': 0.0014124293785310734, '266492879': 0.0014124293785310734, '584413007': 0.0015889830508474577, '320908744': 0.0014124293785310734, '129830039': 0.0014124293785310734, '125786554': 0.0015889830508474577, '1103545254': 0.0014124293785310734, '405141287': 0.0014124293785310734, '525690947': 0.0014124293785310734, '128510907': 0.0014124293785310734, '80665150': 0.0014124293785310734, '4497065014': 0.0014124293785310734, '351168121': 0.0014124293785310734, '24181622': 0.0015889830508474577, '449537364': 0.0015889830508474577, '254888559': 0.0014124293785310734, '2159652854': 0.0014124293785310734, '920068494': 0.0014124293785310734, '620012254': 0.0014124293785310734, '293852633': 0.0014124293785310734, '361332351': 0.0014124293785310734, '348481443': 0.0014124293785310734, '107486006': 0.0014124293785310734, '1022273234': 0.0014124293785310734, '71637035': 0.0014124293785310734, '461713803': 0.0014124293785310734, '25278417': 0.0014124293785310734, '55767951': 0.0014124293785310734, '299371611': 0.0014124293785310734, '43345028': 0.0014124293785310734, '1181264977': 0.0014124293785310734, '2674573090': 0.0014124293785310734, '306897161': 0.0014124293785310734, '133546646': 0.0014124293785310734, '1390550874': 0.0014124293785310734, '2418739581': 0.0014124293785310734, '3854278042': 0.0014124293785310734, '462048058': 0.0014124293785310734, '2997329356': 0.0014124293785310734, '179510058': 0.0014124293785310734, '2253895992': 0.0015889830508474577, '2508053000': 0.0014124293785310734, '64024520': 0.0014124293785310734, '49384990': 0.0014124293785310734, '1711429568': 0.0014124293785310734, '3347587043': 0.0014124293785310734, '3020232633': 0.0014124293785310734, '99350609': 0.0014124293785310734, '313883561': 0.0014124293785310734, '2854065816': 0.0014124293785310734, '2760168122': 0.0014124293785310734, '622211420': 0.0015889830508474577, '570406928': 0.0014124293785310734, '101232162': 0.0015889830508474577, '1258253400': 0.0015889830508474577, '1109873461': 0.0014124293785310734, '356733863': 0.0015889830508474577, '47271718': 0.0014124293785310734, '1555140278': 0.0014124293785310734, '369273620': 0.0014124293785310734, '550582173': 0.0014124293785310734, '22238846': 0.0014124293785310734, '1382849929': 0.0014124293785310734, '21611105': 0.0014124293785310734, '471325025': 0.0014124293785310734, '1552699657': 0.0014124293785310734, '396692953': 0.0014124293785310734, '1623105589': 0.0014124293785310734, '2934501433': 0.0014124293785310734, '78796335': 0.0014124293785310734, '1447165484': 0.0014124293785310734, '216281928': 0.0015889830508474577, '65597001': 0.0015889830508474577, '23349680': 0.0014124293785310734, '3020189160': 0.0014124293785310734, '330701605': 0.0014124293785310734, '24215769': 0.0014124293785310734, '4662011236': 0.0014124293785310734, '2345928300': 0.0014124293785310734, '206936731': 0.0014124293785310734, '2580728592': 0.0014124293785310734, '206850624': 0.0014124293785310734, '2431234645': 0.0015889830508474577, '25624684': 0.0015889830508474577, '376520695': 0.0014124293785310734, '396267561': 0.0014124293785310734, '795079657': 0.0014124293785310734, '346884443': 0.0015889830508474577, '2248918118': 0.0014124293785310734, '1053230070': 0.0014124293785310734, '79789422': 0.0014124293785310734, '18789472': 0.0014124293785310734, '3034600243': 0.0014124293785310734, '2560320068': 0.0014124293785310734, '3425368520': 0.0014124293785310734, '15074642': 0.0014124293785310734, '3257645817': 0.0014124293785310734, '1353100082': 0.0015889830508474577, '199368416': 0.0014124293785310734, '456927959': 0.0015889830508474577, '116538557': 0.0014124293785310734, '154601170': 0.0015889830508474577, '1097036059': 0.0014124293785310734, '237451573': 0.0015889830508474577, '364500346': 0.0015889830508474577, '12039612': 0.0015889830508474577, '1867462279': 0.0014124293785310734, '1000055786': 0.0014124293785310734, '4853317732': 0.0014124293785310734, '340018848': 0.0015889830508474577, '2192358347': 0.0016949152542372883, '178723657': 0.0015889830508474577, '17250722': 0.0014124293785310734, '436343695': 0.0015889830508474577, '1212020275': 0.0014124293785310734, '555296754': 0.0015889830508474577, '161715234': 0.0015889830508474577, '227231005': 0.0015889830508474577, '50560529': 0.0015889830508474577, '208446510': 0.0015889830508474577, '410425812': 0.0015889830508474577, '118073224': 0.0015889830508474577, '239611711': 0.0015889830508474577, '2974825673': 0.0015889830508474577, '23174259': 0.0015889830508474577, '299368397': 0.0014124293785310734, '529669380': 0.0015889830508474577, '1529048696': 0.0015889830508474577, '162720957': 0.0015889830508474577, '448728308': 0.0015889830508474577, '16845518': 0.0015889830508474577, '44303297': 0.0016949152542372883, '728967770': 0.0015889830508474577, '238183293': 0.0015889830508474577, '3893542873': 0.0015889830508474577, '39206452': 0.0014124293785310734, '1002986970': 0.0015889830508474577, '140311902': 0.0014124293785310734, '627567196': 0.0015889830508474577, '514564097': 0.0015889830508474577, '3138475364': 0.0015889830508474577, '280524422': 0.0015889830508474577, '2276666369': 0.0015889830508474577, '2957752774': 0.0014124293785310734, '2366292126': 0.0015889830508474577, '359629907': 0.0015889830508474577, '86656599': 0.0015889830508474577, '188983641': 0.0014124293785310734, '146279070': 0.0015889830508474577, '613979238': 0.0014124293785310734, '311748432': 0.0014124293785310734, '173518370': 0.0015889830508474577, '1452955104': 0.0015889830508474577, '19133190': 0.0015889830508474577, '999758186': 0.0015889830508474577, '3060657935': 0.0015889830508474577, '263961264': 0.0015889830508474577, '39461440': 0.0014124293785310734, '2710413261': 0.0015889830508474577, '73220679': 0.0014124293785310734, '108462429': 0.0016949152542372883, '2570353677': 0.0015889830508474577, '283248949': 0.0014124293785310734, '2891675893': 0.0015889830508474577, '356216849': 0.0014124293785310734, '1158409062': 0.0015889830508474577, '711515697': 0.0015889830508474577, '397330219': 0.0015889830508474577, '86841095': 0.0015889830508474577, '486025962': 0.0014124293785310734, '3081563001': 0.0014124293785310734, '295070040': 0.0015889830508474577, '1274906089': 0.0015889830508474577, '617445395': 0.0014124293785310734, '548245798': 0.0015889830508474577, '371979214': 0.0014124293785310734, '2360017619': 0.0015889830508474577, '218728646': 0.0015889830508474577, '1005171644': 0.0016949152542372883, '3417858869': 0.0015889830508474577, '401135729': 0.0015889830508474577, '4351218261': 0.0015889830508474577, '602051326': 0.0015889830508474577, '267347664': 0.0015889830508474577, '1885371721': 0.0015889830508474577, '396715794': 0.0015889830508474577, '313397557': 0.0015889830508474577, '22396684': 0.0014124293785310734, '27490108': 0.0015889830508474577, '76187077': 0.0015889830508474577, '2540653680': 0.0016949152542372883, '44513094': 0.0016949152542372883, '595294293': 0.0015889830508474577, '4241255472': 0.0015889830508474577, '4274640315': 0.0015889830508474577, '27258214': 0.0015889830508474577, '4188390915': 0.0015889830508474577, '4415921534': 0.0015889830508474577, '2515673506': 0.0015889830508474577, '704042930': 0.0015889830508474577, '2252591495': 0.0015889830508474577, '2576672865': 0.0014124293785310734, '274746359': 0.0015889830508474577, '4836445371': 0.0016949152542372883, '584913961': 0.0015889830508474577, '725007823': 0.0014124293785310734, '871560648': 0.0014124293785310734, '770678370': 0.0016949152542372883, '3057902932': 0.0015889830508474577, '47623565': 0.0015889830508474577, '2412667112': 0.0014124293785310734, '1681693314': 0.0015889830508474577, '374874912': 0.0015889830508474577, '2961756552': 0.0015889830508474577, '3385339072': 0.0015889830508474577, '14251990': 0.0016949152542372883, '62371250': 0.0014124293785310734, '342419351': 0.0015889830508474577, '2521371388': 0.0015889830508474577, '162216609': 0.0015889830508474577, '335573487': 0.0015889830508474577, '105431997': 0.0015889830508474577, '4403818935': 0.0014124293785310734, '2688525469': 0.0015889830508474577, '1105821734': 0.0015889830508474577, '17066388': 0.0015889830508474577, '1903615927': 0.0015889830508474577, '21609494': 0.0015889830508474577, '824696641': 0.0014124293785310734, '33961998': 0.0015889830508474577, '608426933': 0.0015889830508474577, '158126334': 0.0015889830508474577, '351118302': 0.0015889830508474577, '842466654': 0.0015889830508474577, '2287519784': 0.0015889830508474577, '355138290': 0.0015889830508474577, '52974864': 0.0014124293785310734, '83730459': 0.0015889830508474577, '783449154': 0.0015889830508474577, '2170777626': 0.0015889830508474577, '96811542': 0.0015889830508474577, '1387111609': 0.0015889830508474577, '446480712': 0.0014124293785310734, '2271831132': 0.0014124293785310734, '3139438400': 0.0015889830508474577, '42220462': 0.0015889830508474577, '3298360182': 0.0014124293785310734, '100869607': 0.0014124293785310734, '2211584960': 0.0015889830508474577, '2811653162': 0.0015889830508474577, '560532911': 0.0015889830508474577, '25516755': 0.0015889830508474577, '2295778861': 0.0014124293785310734, '277144040': 0.0016949152542372883, '472550236': 0.0015889830508474577, '501223188': 0.0015889830508474577, '1618819327': 0.0015889830508474577, '1593279860': 0.0015889830508474577, '408060663': 0.0015889830508474577, '87263988': 0.0015889830508474577, '2631386394': 0.0015889830508474577, '1332073051': 0.0015889830508474577, '154303863': 0.0015889830508474577, '224406294': 0.0015889830508474577, '49770643': 0.0015889830508474577, '2357636321': 0.0014124293785310734, '28793116': 0.0015889830508474577, '741322076': 0.0014124293785310734, '3305135446': 0.0015889830508474577, '36961523': 0.0015889830508474577, '272748593': 0.0015889830508474577, '2360155936': 0.0014124293785310734, '251444483': 0.0015889830508474577, '1058959866': 0.0015889830508474577, '51159255': 0.0015889830508474577, '4691905832': 0.0015889830508474577, '617490706': 0.0015889830508474577, '59431083': 0.0015889830508474577, '2480060552': 0.0014124293785310734, '3776689693': 0.0015889830508474577, '157417926': 0.0015889830508474577, '24602689': 0.0015889830508474577, '710701560': 0.0015889830508474577, '3325151617': 0.0015889830508474577, '2993111835': 0.0015889830508474577, '2240766774': 0.0015889830508474577, '323048301': 0.0015889830508474577, '1518364441': 0.0015889830508474577, '480979063': 0.0015889830508474577, '24119637': 0.0015889830508474577, '630068274': 0.0015889830508474577, '24574385': 0.0014124293785310734, '2384668045': 0.0014124293785310734, '33103659': 0.0015889830508474577, '1227873152': 0.0015889830508474577, '617162994': 0.0015889830508474577, '192342066': 0.0015889830508474577, '1956348492': 0.0014124293785310734, '264428688': 0.0015889830508474577, '446379973': 0.0015889830508474577, '1632568819': 0.0015889830508474577, '132388899': 0.0014124293785310734, '1069041350': 0.0014124293785310734, '159945009': 0.0015889830508474577, '2731075099': 0.0015889830508474577, '3081192006': 0.0015889830508474577, '4375386021': 0.0015889830508474577, '428446105': 0.0015889830508474577, '2345832348': 0.0015889830508474577, '346409448': 0.0015889830508474577, '462099079': 0.0015889830508474577, '35274021': 0.0015889830508474577, '25538740': 0.0015889830508474577, '488715106': 0.0015889830508474577, '329080556': 0.0015889830508474577, '2502700865': 0.0015889830508474577, '220139206': 0.0015889830508474577, '1051852290': 0.0015889830508474577, '260806873': 0.0016949152542372883, '1523615376': 0.0015889830508474577, '2789780357': 0.0014124293785310734, '200861021': 0.0015889830508474577, '223664606': 0.0015889830508474577, '102479380': 0.0014124293785310734, '30011580': 0.0015889830508474577, '2433233743': 0.0015889830508474577, '1867726074': 0.0015889830508474577, '561609129': 0.0015889830508474577, '4602425967': 0.0014124293785310734, '126963200': 0.0014124293785310734, '124411078': 0.0016949152542372883, '1269149490': 0.0015889830508474577, '605759076': 0.0015889830508474577, '3085004867': 0.0016949152542372883, '114967263': 0.0015889830508474577, '4739186597': 0.0015889830508474577, '3088896016': 0.0015889830508474577, '3091942775': 0.0015889830508474577, '626106079': 0.0015889830508474577, '752085157': 0.0015889830508474577, '1286896760': 0.0015889830508474577, '1523381114': 0.0016949152542372883, '1113959270': 0.0015889830508474577, '2911855887': 0.0015889830508474577, '1391261419': 0.0015889830508474577, '3244146459': 0.0015889830508474577, '2257295402': 0.0015889830508474577, '164036683': 0.0015889830508474577, '4734888869': 0.0015889830508474577, '1609595372': 0.0015889830508474577, '4731534319': 0.0014124293785310734, '3635762235': 0.0014124293785310734, '275741167': 0.0015889830508474577, '596338727': 0.0016949152542372883, '2642823770': 0.0015889830508474577, '314901964': 0.0015889830508474577, '353500834': 0.0014124293785310734, '2408630268': 0.0015889830508474577, '753002636': 0.0015889830508474577, '145134405': 0.0015889830508474577, '3303152528': 0.0015889830508474577, '2842615187': 0.0014124293785310734, '103668450': 0.0016949152542372883, '789845232': 0.0016949152542372883, '506811114': 0.0016949152542372883, '563311298': 0.0014124293785310734, '2707040203': 0.0014124293785310734, '3053152752': 0.0015889830508474577, '40166085': 0.0014124293785310734, '4428168552': 0.0015889830508474577, '263207812': 0.0014124293785310734, '38316003': 0.0015889830508474577, '495394140': 0.0014124293785310734, '277320115': 0.0016949152542372883, '875063041': 0.0016949152542372883, '13392712': 0.0016949152542372883, '298820773': 0.0016949152542372883, '415923699': 0.0014124293785310734, '1322341045': 0.0016949152542372883, '618521344': 0.0016949152542372883, '22627356': 0.0015889830508474577, '69645672': 0.0016949152542372883, '570838392': 0.0015889830508474577, '39489662': 0.0016949152542372883, '735286410': 0.0016949152542372883, '23774512': 0.0014124293785310734, '886391118': 0.0016949152542372883, '482198815': 0.0015889830508474577, '127635166': 0.0014124293785310734, '112223288': 0.0014124293785310734, '577507022': 0.0015889830508474577, '21342757': 0.0014124293785310734, '3023561283': 0.0016949152542372883, '401128625': 0.0015889830508474577, '165020784': 0.0016949152542372883, '2597099498': 0.0015889830508474577, '3107971424': 0.0015889830508474577, '390185669': 0.0015889830508474577, '24599740': 0.0015889830508474577, '405935409': 0.0015889830508474577, '473163165': 0.0015889830508474577, '438493116': 0.0015889830508474577, '278570282': 0.0014124293785310734, '194891779': 0.0016949152542372883, '516793964': 0.0014124293785310734, '43514656': 0.0016949152542372883, '42696696': 0.0017655367231638416, '3938655789': 0.0014124293785310734, '210686506': 0.0017655367231638416, '608486210': 0.0015889830508474577, '323596664': 0.0015889830508474577, '166859224': 0.0017655367231638416, '185394509': 0.0014124293785310734, '397556392': 0.0017655367231638416, '19556943': 0.0016949152542372883, '1136566428': 0.0017655367231638416, '61114291': 0.0014124293785310734, '41056397': 0.0016949152542372883, '1678265455': 0.0017655367231638416, '2735712148': 0.0015889830508474577, '255723883': 0.0015889830508474577, '120996085': 0.0014124293785310734, '4229327445': 0.0015889830508474577, '835560578': 0.0015889830508474577, '499325775': 0.0015889830508474577, '200652342': 0.0015889830508474577, '216286653': 0.0016949152542372883, '275139447': 0.0015889830508474577, '390801495': 0.0015889830508474577, '248960729': 0.0015889830508474577, '403623277': 0.0014124293785310734, '3400253735': 0.0014124293785310734, '191307897': 0.0015889830508474577, '1107225026': 0.0014124293785310734, '589307828': 0.0015889830508474577, '2553052862': 0.0016949152542372883, '1242801654': 0.0015889830508474577, '711803319': 0.0014124293785310734, '221324317': 0.0015889830508474577, '2653386751': 0.0015889830508474577, '142387644': 0.0015889830508474577, '201770128': 0.0014124293785310734, '37118355': 0.0016949152542372883, '1263264403': 0.0014124293785310734, '403497711': 0.0014124293785310734, '1149676730': 0.0014124293785310734, '863321754': 0.0015889830508474577, '493919468': 0.0015889830508474577, '153999596': 0.0014124293785310734, '50576342': 0.0015889830508474577, '53271121': 0.0016949152542372883, '4634276182': 0.0015889830508474577, '921209858': 0.0016949152542372883, '4332874932': 0.0014124293785310734, '2337376513': 0.0014124293785310734, '2976527709': 0.0015889830508474577, '174559901': 0.0015889830508474577, '1423476212': 0.0015889830508474577, '358087428': 0.0014124293785310734, '2161171255': 0.0014124293785310734, '1705614920': 0.0015889830508474577, '2430891234': 0.0015889830508474577, '183161478': 0.0015889830508474577, '458218347': 0.0023834745762711866, '636772421': 0.0015889830508474577, '1593741330': 0.0015889830508474577, '296746494': 0.0015889830508474577, '319345105': 0.0014124293785310734, '576289357': 0.0015889830508474577, '2296400734': 0.0014124293785310734, '79132783': 0.0015889830508474577, '106481167': 0.0015889830508474577, '47461166': 0.0016949152542372883, '20361952': 0.0015889830508474577, '1418482062': 0.0016949152542372883, '487493545': 0.0015889830508474577, '3770620529': 0.0014124293785310734, '17707503': 0.0014124293785310734, '74968985': 0.0014124293785310734, '159970871': 0.0015889830508474577, '4163814733': 0.0015889830508474577, '3393497355': 0.0015889830508474577, '21988504': 0.0016949152542372883, '4196449090': 0.0015889830508474577, '222260892': 0.0016949152542372883, '329614637': 0.0015889830508474577, '348314371': 0.0014124293785310734, '3246491110': 0.0015889830508474577, '251314484': 0.0014124293785310734, '149220240': 0.0015889830508474577, '891804636': 0.0015889830508474577, '750905989': 0.0015889830508474577, '408112881': 0.0015889830508474577, '321545965': 0.0015889830508474577, '14049937': 0.0014124293785310734, '75085381': 0.0014124293785310734, '4426301357': 0.0015889830508474577, '3292335082': 0.0015889830508474577, '2744371922': 0.0015889830508474577, '19668193': 0.0014124293785310734, '3294220606': 0.0015889830508474577, '1683826063': 0.0015889830508474577, '69492564': 0.0014124293785310734, '266839415': 0.0016949152542372883, '273686428': 0.0014124293785310734, '2888648599': 0.0014124293785310734, '2859040841': 0.0014124293785310734, '582133171': 0.0016949152542372883, '847055478': 0.0015889830508474577, '142599535': 0.0015889830508474577, '2966947426': 0.0017655367231638416, '168903816': 0.0014124293785310734, '18942944': 0.0014124293785310734, '390914157': 0.0015889830508474577, '1245058735': 0.0015889830508474577, '4747926640': 0.0015889830508474577, '436395705': 0.0014124293785310734, '2252408713': 0.0014124293785310734, '35029524': 0.0014124293785310734, '3126769323': 0.0014124293785310734, '2715311755': 0.0014124293785310734, '71359204': 0.0014124293785310734, '26305364': 0.0014124293785310734, '2661057973': 0.0014124293785310734, '120184757': 0.0014124293785310734, '3062942875': 0.0014124293785310734, '103620702': 0.0015889830508474577, '4077650776': 0.0014124293785310734, '827806148': 0.0014124293785310734, '343345937': 0.0015889830508474577, '46232913': 0.0015889830508474577, '157075533': 0.0015889830508474577, '1558304270': 0.0014124293785310734, '1297196570': 0.0015889830508474577, '1467157484': 0.0015889830508474577, '2426201857': 0.0014124293785310734, '34065444': 0.0014124293785310734, '17266544': 0.0014124293785310734, '487595501': 0.0014124293785310734, '46002254': 0.0014124293785310734, '1136336515': 0.0015889830508474577, '2573126629': 0.0015889830508474577, '1542098120': 0.0014124293785310734, '192115955': 0.0014124293785310734, '3463833133': 0.0014124293785310734, '3005433636': 0.0015889830508474577, '3041544546': 0.0014124293785310734, '3055761786': 0.0014124293785310734, '1569020196': 0.0014124293785310734, '1357178863': 0.0015889830508474577, '3453176653': 0.0015889830508474577, '822356726': 0.0015889830508474577, '379208271': 0.0015889830508474577, '2527948974': 0.0015889830508474577, '311477706': 0.0016949152542372883, '2942307099': 0.0014124293785310734, '3435634593': 0.0015889830508474577, '2864207333': 0.0015889830508474577, '2228964572': 0.0015889830508474577, '2957975807': 0.0014124293785310734, '372558877': 0.0015889830508474577, '2979110165': 0.0014124293785310734, '561170887': 0.0014124293785310734, '1696407151': 0.0015889830508474577, '2543755974': 0.0015889830508474577, '387026898': 0.0014124293785310734, '3105215810': 0.0015889830508474577, '3236218886': 0.0014124293785310734, '444662457': 0.0015889830508474577, '149873826': 0.0015889830508474577, '2541238766': 0.0014124293785310734, '55365020': 0.0015889830508474577, '61391304': 0.0014124293785310734, '2655437924': 0.0014124293785310734, '263421803': 0.0015889830508474577, '253829984': 0.0014124293785310734, '82555604': 0.0015889830508474577, '49047921': 0.0023834745762711866, '1504607612': 0.0014124293785310734, '570292348': 0.0014124293785310734, '42977336': 0.0014124293785310734, '1177107182': 0.0014124293785310734, '273485579': 0.0015889830508474577, '4603476316': 0.0014124293785310734, '96900256': 0.0015889830508474577, '21205051': 0.0015889830508474577, '312888190': 0.0015889830508474577, '18496438': 0.0015889830508474577, '915227623': 0.0014124293785310734, '2845920603': 0.0015889830508474577, '818552652': 0.0015889830508474577, '1915992901': 0.0015889830508474577, '319410535': 0.0015889830508474577, '838479409': 0.0015889830508474577, '19290312': 0.0015889830508474577, '956201738': 0.0015889830508474577, '1325347532': 0.0015889830508474577, '308801969': 0.0014124293785310734, '25419957': 0.0015889830508474577, '24454003': 0.0015889830508474577, '2743360097': 0.0014124293785310734, '2359574057': 0.0015889830508474577, '271042997': 0.0014124293785310734, '2249106747': 0.0015889830508474577, '1552867646': 0.0014124293785310734, '4871757008': 0.0015889830508474577, '3068937225': 0.0014124293785310734, '2935308705': 0.0015889830508474577, '2205152015': 0.0015889830508474577, '2278222718': 0.0015889830508474577, '3752154268': 0.0015889830508474577, '1062438876': 0.0015889830508474577, '26793054': 0.0014124293785310734, '17824471': 0.0014124293785310734, '536850892': 0.0015889830508474577, '535612119': 0.0015889830508474577, '2907101055': 0.0016949152542372883, '3898716857': 0.0014124293785310734, '16559696': 0.0014124293785310734, '3242780343': 0.0014124293785310734, '633084647': 0.0015889830508474577, '236143101': 0.0014124293785310734, '4860901845': 0.0015889830508474577, '44810955': 0.0015889830508474577, '4858959634': 0.0014124293785310734, '2454238008': 0.0015889830508474577, '131332659': 0.0014124293785310734, '1625678436': 0.0015889830508474577, '2549099625': 0.0015889830508474577, '3986968332': 0.0014124293785310734, '2578969358': 0.0015889830508474577, '4911110944': 0.0015889830508474577, '81017622': 0.0015889830508474577, '592762164': 0.0015889830508474577, '4884640695': 0.0014124293785310734, '4912907644': 0.0014124293785310734, '2921960117': 0.0014124293785310734, '3007251809': 0.0014124293785310734, '3648884122': 0.0016949152542372883, '4701441612': 0.0015889830508474577, '1062196561': 0.0015889830508474577, '141295411': 0.0015889830508474577, '183185962': 0.0015889830508474577, '117647221': 0.0015889830508474577, '704329694339006465': 0.0014124293785310734, '4885628296': 0.0014124293785310734, '705360274639998976': 0.0015889830508474577, '232286258': 0.0015889830508474577, '278646928': 0.0015889830508474577, '2468672388': 0.0014124293785310734, '2528840349': 0.0015889830508474577, '715621884986060800': 0.0015889830508474577, '3380793023': 0.0015889830508474577, '620347239': 0.0014124293785310734, '1292082252': 0.0015889830508474577, '407200466': 0.0015889830508474577, '1880355319': 0.0014124293785310734, '710827066791317504': 0.0015889830508474577, '2936360566': 0.0015889830508474577, '3064462324': 0.0015889830508474577, '743823879978647552': 0.0015889830508474577}
