number_of_nodes: 900
number_of_edges: 982
cascade_size: 899
tree_depth: Graph contains a cycle
in_degree_distribution: [0, 2, 1, 1, 1, 1, 1, 1, 1, 1, 1, 1, 1, 1, 1, 4, 1, 1, 1, 1, 1, 1, 1, 1, 1, 1, 1, 1, 1, 1, 1, 1, 1, 1, 1, 1, 1, 1, 1, 1, 1, 1, 1, 1, 1, 1, 1, 1, 1, 1, 1, 1, 1, 1, 1, 1, 1, 1, 1, 1, 1, 1, 1, 1, 1, 1, 4, 1, 1, 1, 1, 1, 1, 1, 1, 1, 1, 1, 1, 1, 1, 1, 1, 1, 1, 1, 1, 1, 1, 1, 1, 1, 1, 1, 1, 1, 2, 1, 1, 1, 1, 1, 1, 1, 1, 1, 1, 3, 1, 1, 1, 1, 1, 1, 1, 1, 1, 1, 1, 1, 1, 1, 1, 1, 1, 2, 1, 1, 1, 1, 1, 1, 1, 1, 1, 1, 1, 1, 1, 1, 1, 1, 1, 1, 1, 1, 1, 1, 1, 1, 1, 1, 1, 1, 1, 1, 1, 1, 1, 1, 1, 1, 2, 1, 1, 1, 1, 1, 1, 1, 1, 1, 1, 1, 1, 1, 1, 1, 1, 1, 1, 1, 1, 1, 1, 1, 1, 1, 1, 1, 1, 1, 1, 1, 1, 1, 1, 1, 1, 1, 1, 1, 1, 2, 1, 1, 1, 1, 1, 1, 1, 1, 1, 1, 1, 1, 1, 1, 1, 1, 1, 1, 1, 1, 1, 1, 1, 1, 1, 1, 1, 1, 1, 1, 1, 1, 1, 1, 1, 1, 1, 1, 1, 1, 1, 1, 1, 1, 1, 1, 3, 1, 1, 1, 2, 1, 1, 1, 1, 1, 1, 1, 1, 3, 1, 2, 1, 1, 1, 1, 1, 1, 1, 1, 1, 1, 1, 1, 1, 1, 1, 1, 1, 1, 1, 1, 1, 1, 1, 1, 1, 1, 1, 1, 1, 1, 1, 1, 1, 1, 1, 1, 1, 1, 1, 1, 1, 3, 1, 1, 1, 1, 13, 1, 1, 2, 1, 1, 1, 1, 1, 1, 1, 1, 1, 1, 1, 1, 1, 1, 1, 1, 1, 1, 1, 1, 1, 1, 1, 1, 1, 1, 1, 1, 1, 1, 1, 1, 1, 2, 1, 1, 1, 1, 1, 1, 1, 1, 1, 1, 1, 1, 1, 1, 1, 1, 1, 1, 1, 1, 1, 1, 1, 1, 1, 1, 1, 1, 1, 1, 1, 1, 1, 1, 1, 1, 1, 1, 1, 1, 1, 1, 2, 1, 2, 1, 1, 1, 1, 1, 1, 1, 1, 1, 1, 1, 1, 1, 1, 1, 1, 1, 1, 1, 1, 1, 1, 1, 1, 1, 1, 1, 1, 1, 1, 1, 1, 1, 1, 1, 1, 1, 1, 1, 1, 1, 1, 1, 9, 1, 1, 1, 1, 1, 1, 1, 1, 1, 1, 1, 1, 1, 1, 1, 1, 1, 1, 1, 1, 1, 1, 1, 2, 1, 1, 1, 1, 1, 1, 1, 1, 1, 1, 1, 1, 1, 1, 1, 1, 1, 1, 1, 1, 1, 1, 1, 1, 1, 1, 1, 1, 1, 1, 1, 1, 1, 1, 1, 1, 1, 1, 1, 1, 1, 1, 1, 1, 1, 1, 1, 1, 4, 1, 1, 1, 1, 1, 1, 1, 1, 1, 1, 1, 1, 1, 1, 1, 1, 1, 1, 1, 1, 1, 1, 1, 1, 1, 1, 1, 1, 1, 1, 1, 1, 1, 1, 1, 1, 1, 1, 1, 1, 1, 1, 1, 1, 1, 1, 1, 1, 1, 1, 1, 1, 1, 1, 1, 1, 1, 1, 1, 1, 1, 1, 1, 1, 1, 1, 1, 1, 1, 1, 1, 1, 1, 1, 1, 1, 1, 1, 1, 1, 1, 1, 1, 1, 1, 1, 1, 1, 1, 1, 1, 1, 1, 1, 1, 1, 1, 1, 1, 1, 1, 1, 1, 1, 1, 1, 1, 1, 1, 1, 1, 1, 1, 1, 1, 1, 1, 1, 1, 1, 1, 1, 1, 1, 1, 1, 1, 1, 1, 1, 1, 1, 1, 1, 1, 2, 1, 1, 1, 1, 1, 1, 1, 1, 1, 1, 1, 1, 1, 1, 1, 1, 1, 1, 1, 1, 2, 1, 1, 1, 1, 1, 1, 1, 1, 1, 1, 1, 1, 1, 1, 1, 1, 1, 1, 1, 1, 1, 1, 1, 1, 1, 1, 1, 1, 1, 1, 1, 1, 1, 1, 1, 1, 1, 1, 3, 1, 1, 1, 1, 1, 1, 1, 1, 1, 1, 1, 1, 1, 1, 1, 1, 1, 2, 1, 1, 1, 1, 1, 1, 1, 1, 1, 1, 1, 1, 1, 1, 1, 1, 1, 1, 1, 1, 1, 1, 1, 1, 1, 1, 1, 1, 1, 1, 1, 1, 1, 1, 1, 1, 1, 1, 1, 1, 1, 1, 2, 2, 1, 1, 1, 1, 1, 1, 1, 1, 1, 1, 1, 1, 1, 1, 1, 1, 1, 1, 1, 1, 1, 1, 1, 1, 1, 1, 2, 2, 1, 2, 1, 1, 1, 1, 2, 4, 2, 1, 1, 1, 1, 2, 1, 1, 1, 1, 1, 1, 1, 1, 2, 1, 1, 1, 1, 1, 1, 1, 1, 1, 4, 3, 1, 1, 1, 1, 1, 1, 1, 1, 1, 1, 1, 1, 1, 1, 1, 2, 1, 1, 1, 2, 1, 1, 1, 1, 1, 2, 1, 2, 1, 1, 1, 1, 1, 1, 1, 1, 1, 1, 1, 1, 1, 1, 1, 1, 1, 1, 1, 1, 1, 1, 1, 1, 1, 1, 1, 2, 1, 1, 1, 1, 1, 6, 3, 1, 1, 1, 1, 1]
out_degree_distribution: [1, 749, 0, 0, 1, 0, 0, 0, 0, 2, 0, 0, 0, 0, 0, 4, 0, 0, 0, 0, 0, 0, 0, 0, 0, 0, 0, 0, 0, 0, 0, 1, 0, 0, 0, 0, 1, 0, 0, 0, 0, 0, 0, 0, 0, 0, 0, 0, 0, 0, 0, 0, 0, 0, 0, 0, 0, 0, 8, 0, 0, 0, 0, 0, 0, 1, 4, 1, 1, 0, 0, 0, 0, 0, 0, 0, 0, 0, 0, 0, 0, 0, 0, 0, 0, 0, 0, 0, 0, 0, 0, 0, 0, 0, 0, 0, 1, 0, 0, 0, 0, 0, 0, 0, 0, 1, 0, 3, 0, 0, 0, 0, 8, 0, 0, 0, 0, 0, 0, 0, 0, 0, 0, 0, 0, 0, 0, 0, 0, 0, 0, 0, 0, 0, 0, 0, 0, 0, 0, 0, 0, 0, 0, 0, 0, 0, 0, 1, 0, 0, 0, 0, 0, 1, 0, 0, 2, 1, 0, 0, 0, 1, 2, 0, 0, 0, 3, 0, 1, 0, 0, 0, 0, 0, 0, 0, 0, 0, 0, 0, 0, 0, 1, 0, 0, 0, 0, 0, 0, 0, 0, 0, 0, 0, 0, 0, 0, 0, 0, 0, 0, 0, 0, 1, 0, 0, 0, 0, 0, 0, 0, 0, 0, 0, 0, 1, 0, 0, 0, 0, 0, 0, 0, 0, 0, 0, 0, 0, 0, 0, 0, 0, 0, 0, 0, 0, 1, 0, 0, 0, 0, 0, 0, 0, 0, 0, 0, 0, 2, 0, 2, 0, 0, 0, 1, 0, 0, 0, 12, 0, 0, 0, 0, 5, 0, 0, 0, 0, 0, 0, 0, 0, 1, 0, 0, 0, 0, 0, 0, 1, 1, 0, 0, 0, 0, 0, 0, 0, 0, 0, 0, 0, 0, 0, 0, 0, 0, 0, 0, 0, 0, 0, 0, 0, 0, 0, 0, 3, 0, 0, 0, 0, 18, 0, 0, 0, 0, 1, 0, 0, 0, 0, 0, 0, 0, 0, 0, 0, 0, 0, 0, 0, 2, 1, 0, 0, 0, 0, 0, 0, 0, 0, 0, 0, 0, 0, 0, 0, 0, 1, 0, 0, 0, 0, 0, 0, 0, 0, 0, 0, 0, 0, 0, 0, 0, 0, 1, 0, 0, 0, 0, 0, 1, 1, 0, 0, 0, 0, 0, 0, 0, 0, 0, 0, 0, 0, 0, 0, 0, 0, 0, 0, 1, 0, 1, 0, 0, 0, 0, 0, 5, 0, 0, 0, 0, 0, 0, 0, 0, 0, 0, 0, 0, 0, 0, 0, 0, 0, 0, 0, 0, 0, 0, 0, 0, 0, 0, 0, 0, 0, 0, 0, 0, 0, 0, 0, 0, 0, 9, 0, 0, 0, 0, 0, 0, 0, 0, 0, 0, 0, 0, 0, 0, 0, 0, 0, 0, 0, 0, 0, 0, 0, 1, 0, 0, 0, 0, 0, 0, 0, 0, 0, 0, 1, 0, 0, 0, 0, 0, 0, 0, 0, 0, 0, 0, 0, 0, 0, 0, 0, 0, 0, 0, 0, 0, 0, 0, 0, 0, 0, 0, 0, 0, 0, 0, 0, 0, 0, 0, 1, 0, 3, 0, 0, 0, 0, 0, 0, 0, 0, 0, 0, 0, 0, 0, 1, 0, 0, 0, 0, 0, 0, 0, 0, 0, 0, 0, 0, 0, 0, 0, 0, 0, 0, 0, 0, 0, 0, 0, 0, 0, 0, 0, 0, 35, 0, 0, 0, 0, 0, 0, 0, 1, 0, 0, 0, 0, 16, 0, 0, 0, 0, 0, 0, 0, 0, 0, 0, 0, 1, 0, 0, 0, 0, 0, 0, 0, 0, 0, 0, 0, 0, 0, 0, 0, 2, 0, 0, 0, 0, 0, 1, 0, 0, 0, 0, 1, 0, 0, 0, 0, 0, 1, 0, 0, 0, 0, 0, 0, 0, 0, 0, 0, 0, 0, 0, 0, 0, 0, 0, 0, 0, 1, 0, 0, 0, 0, 0, 0, 0, 0, 0, 0, 0, 0, 0, 0, 0, 0, 0, 0, 0, 0, 0, 0, 0, 0, 0, 0, 0, 0, 0, 0, 0, 0, 0, 0, 0, 1, 0, 0, 0, 0, 0, 0, 0, 0, 1, 0, 0, 0, 0, 0, 0, 0, 0, 0, 0, 0, 0, 0, 0, 0, 0, 0, 0, 0, 0, 0, 0, 0, 0, 0, 0, 0, 0, 0, 2, 0, 0, 0, 0, 0, 0, 0, 1, 0, 0, 0, 0, 0, 0, 0, 0, 0, 2, 0, 0, 0, 0, 0, 0, 0, 0, 0, 0, 0, 0, 0, 0, 0, 0, 0, 0, 0, 0, 0, 0, 0, 0, 0, 0, 0, 0, 0, 0, 0, 0, 0, 0, 0, 0, 0, 0, 0, 2, 0, 0, 0, 0, 0, 0, 0, 0, 1, 0, 0, 0, 0, 0, 0, 0, 0, 0, 0, 0, 0, 0, 0, 0, 0, 0, 0, 0, 0, 2, 0, 0, 0, 1, 1, 0, 0, 0, 3, 2, 1, 0, 0, 0, 0, 0, 0, 0, 1, 0, 0, 0, 0, 0, 0, 0, 0, 0, 0, 0, 0, 0, 0, 0, 2, 4, 0, 0, 0, 0, 0, 0, 0, 0, 0, 0, 0, 0, 0, 0, 0, 2, 0, 0, 0, 0, 0, 0, 0, 0, 0, 0, 0, 0, 0, 0, 0, 0, 0, 0, 0, 0, 0, 0, 0, 0, 0, 0, 2, 1, 0, 0, 0, 0, 2, 0, 0, 0, 0, 0, 0, 3, 0, 0, 0, 0, 0, 3, 2, 1, 0, 0, 0, 0]
propagation_delay_min: 0.0
propagation_delay_mean: 1395.190448065173
propagation_delay_max: 30288.63
reaction_time_min: 0.0
reaction_time_mean: 1395.190448065173
reaction_time_max: 30288.63
betweenness_centrality: {'ROOT': 0.0, '428333': 0.0011123470522803114, '29488514': 0.0, '22168016': 0.0, '619894373': 2.4773876442768627e-06, '2317538628': 0.0, '49690284': 0.0, '80952761': 0.0, '48094796': 0.0, '848409474': 0.0, '174706290': 0.0, '4649025675': 0.0, '3018841938': 0.0, '1137517650': 0.0, '105503711': 0.0, '879389576': 2.2296488798491765e-05, '62548376': 0.0, '424921610': 0.0, '17226449': 0.0, '756543663438782464': 0.0, '764253707466842113': 0.0, '1430754194': 0.0, '246418197': 0.0, '3688882876': 0.0, '130292180': 0.0, '190072156': 0.0, '31947076': 0.0, '604501850': 0.0, '428380064': 0.0, '765009715': 0.0, '2413643408': 0.0, '60871489': 2.4773876442768627e-06, '3128315470': 0.0, '757022708227973120': 0.0, '231149761': 0.0, '135631388': 0.0, '3377629377': 2.4773876442768627e-06, '3938536053': 0.0, '1240194186': 0.0, '177980183': 0.0, '305294287': 0.0, '753034115746787328': 0.0, '248425282': 0.0, '220847034': 0.0, '732341875273834496': 0.0, '1911967680': 0.0, '367477398': 0.0, '124018174': 0.0, '51591128': 0.0, '2350647423': 0.0, '4756417392': 0.0, '706287021627670528': 0.0, '2995956045': 0.0, '16022444': 0.0, '3411372658': 0.0, '484828869': 0.0, '1417021921': 0.0, '217948093': 0.0, '218260748': 1.6103019687799606e-05, '68293372': 0.0, '439804226': 0.0, '766678226752208896': 0.0, '21718284': 0.0, '3506566092': 0.0, '134637559': 0.0, '394072560': 2.4773876442768627e-06, '28452546': 2.477387644276863e-05, '195591798': 0.0, '332683645': 0.0, '23446050': 0.0, '278081160': 0.0, '279618508': 0.0, '36637021': 0.0, '253343991': 0.0, '592784017': 0.0, '1460707248': 0.0, '3141118333': 0.0, '4306925413': 0.0, '1411633885': 0.0, '118794845': 0.0, '25589014': 0.0, '3247780708': 0.0, '153901898': 0.0, '2559582960': 0.0, '46202322': 0.0, '1053886994': 0.0, '125304429': 0.0, '1392149978': 0.0, '134837454': 0.0, '4052393841': 0.0, '1360162627': 0.0, '1618964856': 0.0, '112557981': 0.0, '1320946514': 0.0, '25829428': 0.0, '525564294': 0.0, '16119402': 2.4773876442768627e-06, '496429994': 0.0, '764449142403891206': 0.0, '36561591': 0.0, '3258681192': 0.0, '4239434446': 0.0, '18813073': 0.0, '2780001136': 0.0, '996730357': 0.0, '239857777': 2.4773876442768627e-06, '705048242149584896': 0.0, '4290412103': 1.1148244399245883e-05, '571701554': 0.0, '96185616': 0.0, '334632076': 0.0, '41822025': 0.0, '4871961853': 2.6012570264907057e-05, '2167020201': 0.0, '57554132': 0.0, '2353593612': 0.0, '1597193304': 0.0, '367887093': 0.0, '320959891': 0.0, '725512854607151104': 0.0, '4855401508': 0.0, '2547337927': 0.0, '24030306': 0.0, '3644689632': 0.0, '735062865804066816': 0.0, '757776984256618496': 0.0, '4809678134': 0.0, '293104735': 0.0, '326948911': 0.0, '231854780': 0.0, '2559322002': 0.0, '4794865108': 0.0, '3245666764': 0.0, '2376768615': 0.0, '757767864673771520': 0.0, '732217996639232000': 0.0, '764950242244648960': 0.0, '19291222': 0.0, '80681720': 0.0, '756357819524345857': 0.0, '16006323': 0.0, '4646908649': 0.0, '17181455': 0.0, '3139320606': 0.0, '758415586053328896': 0.0, '372993448': 0.0, '1530541920': 0.0, '2838359254': 2.4773876442768627e-06, '86343124': 0.0, '983105581': 0.0, '2748392661': 0.0, '1390573872': 0.0, '48599448': 0.0, '342394431': 2.4773876442768627e-06, '2900659636': 0.0, '764982347775168512': 0.0, '21789896': 7.432162932830588e-06, '247203598': 2.4773876442768627e-06, '258660343': 0.0, '718830535938809856': 0.0, '563006615': 0.0, '34255591': 7.432162932830588e-06, '47151185': 6.193469110692157e-06, '589336264': 0.0, '170359315': 0.0, '29807115': 0.0, '756580318656667649': 7.432162932830588e-06, '1038810817': 0.0, '2905527472': 2.4773876442768627e-06, '215693860': 0.0, '2220165991': 0.0, '756063394474655749': 0.0, '561507652': 0.0, '784820684': 0.0, '705903542049976320': 0.0, '2533166893': 0.0, '3313638821': 0.0, '1865333538': 0.0, '2601272874': 0.0, '471583977': 0.0, '51082437': 0.0, '2230670246': 0.0, '2181300006': 2.4773876442768627e-06, '600416231': 0.0, '4077197632': 0.0, '62217671': 0.0, '43077286': 0.0, '3047856024': 0.0, '887413076': 0.0, '1712270510': 0.0, '734972262198042625': 0.0, '1645545974': 0.0, '175477062': 0.0, '1601450000': 0.0, '237750885': 0.0, '3028388339': 0.0, '499158097': 0.0, '4886191109': 0.0, '284727715': 0.0, '1073929814': 0.0, '221902815': 0.0, '30294612': 0.0, '1306168063': 0.0, '838674816': 2.4773876442768627e-06, '60771113': 0.0, '3179622204': 0.0, '757056556253011968': 0.0, '819746004': 0.0, '91816361': 0.0, '824391878': 0.0, '936990522': 0.0, '758501687195758592': 0.0, '136576428': 0.0, '27462910': 0.0, '113410319': 0.0, '557847314': 0.0, '740737945619947521': 0.0, '1145400012': 0.0, '34280715': 0.0, '138960593': 0.0, '428335185': 0.0, '1605560689': 0.0, '578144168': 0.0, '275942684': 0.0, '4259738554': 0.0, '1034046650': 0.0, '734537357966376960': 0.0, '760616411978928128': 0.0, '29101624': 0.0, '2641797173': 0.0, '367463426': 0.0, '632426083': 0.0, '4727580494': 0.0, '29198219': 0.0, '65803002': 0.0, '242589520': 0.0, '3055945256': 1.2386938221384314e-06, '932758681': 0.0, '21423579': 0.0, '344898758': 0.0, '264084770': 0.0, '730015469319561216': 0.0, '257976124': 0.0, '714887575081607168': 0.0, '132495962': 0.0, '60811364': 0.0, '730901891094175748': 0.0, '192326916': 0.0, '16377693': 4.7070365241260394e-05, '136310854': 0.0, '71409777': 7.432162932830588e-06, '3236183880': 0.0, '32642973': 0.0, '375999139': 0.0, '766744722408873984': 2.4773876442768627e-06, '2728928097': 0.0, '301199912': 0.0, '394821588': 0.0, '23714644': 1.858040733207647e-05, '728074871507324928': 0.0, '1344558828': 0.0, '2569271479': 0.0, '703761307913224192': 0.0, '14883106': 2.2296488798491765e-05, '32274924': 0.0, '75363115': 0.0, '324172031': 0.0, '337472827': 0.0, '1475687646': 0.0, '4143292360': 0.0, '256993716': 0.0, '957441312': 0.0, '30677801': 2.4773876442768627e-06, '334671279': 0.0, '1669566127': 0.0, '2279905707': 0.0, '23989856': 0.0, '218344471': 0.0, '744266600': 0.0, '703001761179631618': 2.4773876442768627e-06, '31602162': 6.317338492906e-05, '1551057618': 0.0, '762682842593816576': 0.0, '2704675915': 0.0, '744225272472317952': 0.0, '49055196': 0.0, '708537581': 0.0, '57283164': 0.0, '15686488': 0.0, '2196395224': 0.0, '1643534964': 0.0, '715198069575327744': 0.0, '326758953': 0.0, '3266569800': 0.0, '714117034850828288': 0.0, '4568184555': 0.0, '210909798': 0.0, '427719901': 0.0, '1132881972': 0.0, '2785366887': 0.0, '1334380376': 0.0, '2918102696': 0.0, '4867453523': 0.0, '2408339976': 0.0, '3558271102': 0.0, '751833327200448512': 0.0, '273111757': 0.0, '2804138785': 9.909550577107451e-06, '4751259673': 0.0, '18884346': 0.0, '4549306216': 0.0, '417161278': 0.0, '14801786': 0.0004163869283118337, '2581788782': 0.0, '1603130780': 0.0, '2750334224': 0.0, '3017683068': 0.0, '247438993': 2.4773876442768627e-06, '2904701126': 0.0, '89580294': 0.0, '28701053': 0.0, '4750875228': 0.0, '700812373557321728': 0.0, '216001894': 0.0, '95254521': 0.0, '401763916': 0.0, '168638221': 0.0, '896236921': 0.0, '498219966': 0.0, '239609323': 0.0, '758784065357148160': 0.0, '759489108569796608': 0.0, '259283033': 4.9547752885537255e-06, '760583477557211136': 0.0, '712849249612902400': 0.0, '742767685767946240': 0.0, '469577876': 0.0, '111054367': 0.0, '28626403': 0.0, '4858714503': 0.0, '17245022': 0.0, '2994845061': 0.0, '416047217': 0.0, '733648358884184065': 0.0, '704788768050384896': 0.0, '183035621': 0.0, '1576130317': 0.0, '706715190000103424': 0.0, '17051446': 0.0, '16006196': 0.0, '469010595': 0.0, '305742121': 0.0, '86288715': 0.0, '1084606506': 0.0, '362628146': 0.0, '756652343299637249': 0.0, '338491170': 0.0, '4736735121': 0.0, '990272208': 0.0, '366263457': 0.0, '137349561': 0.0, '967320306': 0.0, '3046713973': 0.0, '764559836646215681': 0.0, '411184012': 0.0, '423769488': 0.0, '2508114499': 0.0, '730220234397769730': 0.0, '742080332699033600': 0.0, '765626109648068612': 0.0, '4499984417': 0.0, '718811790897848320': 0.0, '448498171': 0.0, '47253430': 2.4773876442768627e-06, '143484786': 0.0, '3089367355': 0.0, '800726947': 0.0, '265170711': 0.0, '1582998420': 0.0, '553069364': 0.0, '710183810': 0.0, '244307758': 0.0, '701791717800996864': 0.0, '1375346066': 0.0, '236991849': 0.0, '54436615': 0.0, '781131396': 0.0, '533532328': 0.0, '41768710': 0.0, '4912872097': 0.0, '3195987029': 0.0, '1276145304': 0.0, '211000050': 0.0, '2377608704': 0.0, '518355343': 0.0, '703249639479316480': 0.0, '415990591': 0.0, '827797573': 0.0, '1550994062': 0.0, '764718259094433792': 0.0, '818156366': 0.0, '3041583610': 0.0, '750998761942417408': 0.0, '346074726': 0.0, '623699398': 0.0, '1308219978': 0.0, '505365928': 0.0, '708368584033095680': 0.0, '3656171476': 0.0, '2648649574': 0.0, '2507733330': 0.0, '4269587595': 0.0, '174333656': 0.0, '1941518978': 0.0, '3243442856': 0.0, '2231583390': 0.0, '3139427408': 0.0, '3142491160': 0.0, '2272578080': 0.0, '974822731': 0.0, '2961121929': 0.0, '2296781690': 0.0, '499897902': 0.0, '124126233': 0.0, '348158426': 0.0, '710839878800568321': 0.0, '729103445911707648': 0.0, '756869488105127937': 0.0, '16695632': 0.0, '695095732961878016': 0.0, '285476566': 0.0, '756611194077622272': 0.0, '1077420084': 0.0, '750823988016783361': 0.0, '3369290974': 0.0, '3950357303': 0.0, '751411076': 0.0, '745319037677211652': 0.0, '764103889264123904': 0.00015970892346771505, '1918489034': 0.0, '348988850': 0.0, '3115961563': 0.0, '366888284': 0.0, '737483604876464130': 0.0, '2189444204': 0.0, '3316431594': 0.0, '716777229': 0.0, '436407665': 0.0, '2444395775': 0.0, '751936633059106816': 0.0, '381671761': 0.0, '756535121507913729': 0.0, '725047356287242240': 0.0, '2840490773': 0.0, '756344580925104130': 0.0, '752293469020762114': 0.0, '104292276': 0.0, '97531228': 0.0, '228516933': 0.0, '2245886858': 0.0, '573588644': 0.0, '22560682': 0.0, '4267156996': 0.0, '446351591': 0.0, '901006692': 0.0, '474694492': 0.0, '1901593656': 0.0, '745374328661807104': 0.0, '302240023': 0.0, '709164829446053888': 0.0, '314175886': 0.0, '2853457409': 0.0, '16820751': 0.0, '2945541702': 2.4773876442768627e-06, '2493140377': 0.0, '36856345': 0.0, '231928184': 0.0, '262834804': 0.0, '232314623': 0.0, '175562375': 0.0, '310959277': 0.0, '2180586979': 0.0, '528751456': 0.0, '2328962925': 0.0, '743542433921794048': 0.0, '4807419088': 0.0, '624250942': 0.0, '3354677293': 0.0, '104350215': 0.0, '2697358844': 0.0, '3080685863': 0.0, '4222699265': 0.0, '21338347': 0.0, '731869622434029568': 0.0, '2783352128': 0.0, '553276043': 0.0, '292079164': 0.0, '43547137': 0.0, '3302085710': 0.0, '45214391': 0.0, '714901750': 0.0, '4345992555': 0.0, '1050491324': 0.0, '2395023564': 0.0, '729745131918626817': 0.0, '2460430386': 0.0, '3951141016': 0.0, '2408111875': 0.0, '358519345': 0.0, '756406143082172416': 0.0, '528593874': 0.0, '766376945844117504': 3.282538628666843e-05, '2868197325': 0.0, '3846093279': 0.0, '2663839649': 0.0, '1708839097': 0.0, '199716714': 0.0, '1553048491': 0.0, '2924832948': 0.0, '745835687358963712': 0.0, '356592885': 0.0, '756310591422201856': 0.0, '909618422': 0.0, '2347910960': 0.0, '40393096': 0.0, '21973050': 2.4773876442768627e-06, '3073671045': 0.0, '375135445': 0.0, '225654621': 0.0, '1492032702': 0.0, '30606794': 0.0, '166867314': 0.0, '2409539810': 0.0, '153124576': 0.0, '750817806690709504': 0.0, '1345583652': 0.0, '346267336': 0.0, '896526888': 0.0, '754749976962478081': 0.0, '3231121969': 0.0, '419935833': 0.0, '230308487': 0.0, '722492353835962368': 0.0, '721084599602966530': 0.0, '698871834704478208': 0.0, '4920887741': 0.0, '57529994': 0.0, '727669079985823745': 0.0, '67074262': 0.0, '105947980': 0.0, '76536164': 0.0, '305765429': 0.0, '219815857': 0.0, '195915697': 0.0, '1558510549': 9.537942430465922e-05, '2260508276': 0.0, '731195365408407552': 0.0, '3929629685': 0.0, '229278838': 0.0, '704950435942105088': 0.0, '1031363120': 0.0, '2695925442': 0.0, '3282973915': 3.716081466415294e-06, '384510405': 0.0, '554675847': 0.0, '70026505': 0.0, '2953201': 0.0, '3995778614': 7.927640461685961e-05, '114475732': 0.0, '729477310299021312': 0.0, '3170692550': 0.0, '345659252': 0.0, '701539315424370689': 0.0, '728364886787432449': 0.0, '711785942986547201': 0.0, '1409085349': 0.0, '255717273': 0.0, '1025151908': 0.0, '2159796912': 0.0, '380156346': 3.716081466415294e-06, '3409782221': 0.0, '4706313916': 0.0, '3239029664': 0.0, '718489813': 0.0, '17443185': 0.0, '2856927247': 0.0, '47877762': 0.0, '2318991212': 0.0, '3082702335': 0.0, '4922413288': 0.0, '2504981221': 0.0, '256693556': 0.0, '30880296': 0.0, '936198384': 0.0, '60616666': 0.0, '2544205321': 7.432162932830588e-06, '373011154': 0.0, '708648018669535232': 0.0, '76349929': 0.0, '2907785079': 0.0, '268280342': 0.0, '766537204952805377': 4.9547752885537255e-06, '72962763': 0.0, '497259005': 0.0, '1325337348': 0.0, '546984288': 0.0, '716400200152182784': 2.4773876442768627e-06, '3085978206': 0.0, '3651908234': 0.0, '57655062': 0.0, '33515320': 0.0, '711287276479754241': 0.0, '4628175436': 3.716081466415294e-06, '2489977644': 0.0, '556514694': 0.0, '1447529352': 0.0, '3659030119': 0.0, '259091101': 0.0, '707213716295655424': 0.0, '3181696564': 0.0, '2177256592': 0.0, '33666542': 0.0, '4228111720': 0.0, '2302259172': 0.0, '16208604': 0.0, '2262111984': 0.0, '264987996': 0.0, '894132702': 0.0, '123676694': 0.0, '103699426': 0.0, '808596350': 0.0, '371115054': 0.0, '140641561': 2.4773876442768627e-06, '544189544': 0.0, '4070135893': 0.0, '743339042754813954': 0.0, '764566572866252800': 0.0, '3848820318': 0.0, '3118959806': 0.0, '746772082155995136': 0.0, '751846050906845185': 0.0, '2191666328': 0.0, '714289549908832256': 0.0, '714819300662620160': 0.0, '709123486342578176': 0.0, '877359949': 0.0, '163778580': 0.0, '78769005': 0.0, '116637026': 0.0, '733678742187446272': 0.0, '1942152170': 0.0, '2212926706': 0.0, '3063044349': 0.0, '930323370': 0.0, '711305198421946368': 0.0, '2347719997': 0.0, '2776193125': 0.0, '3327340341': 0.0, '2418774365': 0.0, '741082703030714371': 0.0, '930108350': 0.0, '1724152964': 0.0, '26476418': 0.0, '739511866813259776': 0.0, '1377687906': 0.0, '3302658674': 0.0, '760815292310130688': 0.0, '24356947': 0.0, '1947900744': 3.716081466415294e-06, '1556786912': 0.0, '482219605': 0.0, '702874160528121856': 0.0, '385678932': 0.0, '1906088365': 0.0, '695436477375782916': 0.0, '3102245372': 0.0, '3006690178': 0.0, '3786404909': 0.0, '104595364': 0.0, '24011736': 0.0, '622445782': 0.0, '2984458691': 0.0, '70069735': 0.0, '23344147': 0.0, '701934100790296576': 0.0, '227130823': 0.0, '18125895': 0.0, '85681815': 0.0, '43232530': 0.0, '52989817': 0.0, '431894934': 0.0, '2926398321': 0.0, '766035574746652672': 0.0, '754017231974068225': 0.0, '45659156': 0.0, '2443468098': 0.0, '1155635047': 0.0, '4499094387': 0.0, '21990739': 0.0, '287639266': 0.0, '3380999405': 0.0, '319729023': 0.0, '1333006530': 0.0, '3111721': 0.0, '3229982559': 0.0, '757312207810068480': 0.0, '256457918': 0.0, '903143731': 4.74832631819732e-06, '101672591': 0.0, '461835325': 0.0, '383549214': 0.0, '79985880': 0.0, '2481726390': 0.0, '232906886': 0.0, '2510429117': 0.0, '2392160575': 3.716081466415294e-06, '712324545902940161': 0.0, '4281185908': 0.0, '464497740': 0.0, '249800479': 0.0, '1122345954': 0.0, '766241141926793216': 0.0, '3796618157': 0.0, '22826306': 0.0, '2891411482': 0.0, '2971550847': 3.096734555346078e-05, '47325341': 0.0, '729790308335157250': 0.0, '65120853': 0.0, '1020735714': 0.0, '100025240': 0.0, '709378359898345472': 0.0, '796225603': 0.0, '704408069728501765': 0.0, '54690412': 0.0, '3354784032': 0.0, '2664129440': 0.0, '735839383442608128': 0.0, '1716709820': 0.0, '69264083': 0.0, '19519016': 0.0, '4501922425': 0.0, '3385783173': 0.0, '735931028137730048': 0.0, '23601068': 0.0, '1315782967': 0.0, '269494264': 0.0, '1902097399': 0.0, '19673936': 0.0, '1009107476': 0.0, '24947112': 0.0, '395713066': 0.0, '756852403803156480': 0.0, '3250468551': 0.0, '139714421': 0.0, '2344021386': 0.0, '33430274': 0.0, '3050411297': 0.0, '755153966023995392': 0.0, '4871190352': 0.0, '740549485965639686': 0.0, '969753140': 0.0, '765556600052613120': 0.0, '2383894154': 0.0, '280196358': 0.0, '1066855388': 4.9547752885537255e-06, '14475067': 0.0, '545737153': 0.0, '4766167781': 0.0, '3286875199': 0.0, '1306170120': 0.0, '752647322237014018': 0.0, '2315567360': 0.0, '4854853970': 0.0, '574915137': 2.4773876442768627e-06, '1258072117': 0.0, '329275921': 0.0, '1419133700': 0.0, '2793800587': 0.0, '1510787130': 0.0, '314723454': 0.0, '44399827': 0.0, '1151676373': 0.0, '708538440866865153': 0.0, '2191093538': 0.0, '2790092521': 0.0, '740232557766152192': 0.0, '764114079158046721': 0.0, '186700511': 0.0, '2781101531': 0.0, '720157598897410048': 0.0, '754791686887399424': 0.0, '4845857848': 0.0, '737699496080101376': 0.0, '3254879508': 0.0, '4745509194': 3.3031835257024836e-06, '38716180': 0.0, '312874283': 0.0, '757672970118533120': 0.0, '2551046888': 0.0, '44928669': 0.0, '758630424167927808': 0.0, '765664968977047552': 0.0, '374760130': 0.0, '613796565': 3.0100259877963878e-05, '22113087': 1.1189534193317164e-05, '3273719730': 0.0, '1006580762': 0.0, '552924646': 0.0, '4446582923': 0.0, '715730486228692992': 0.0, '885871045': 0.0, '307933831': 0.0, '78513180': 0.0, '20738152': 0.0, '72178146': 0.0, '742417142046302208': 0.0, '239693510': 0.0, '714947334': 0.0, '1372235592': 0.0, '707097541968588800': 0.0, '4845279488': 0.0, '742751332935700480': 0.0, '493729651': 0.0, '705233934548754434': 0.0, '12912542': 0.0, '143539322': 0.0, '29534413': 0.0, '3664925599': 0.0, '556663797': 0.0, '1916364858': 2.9026725232110575e-05, '759818654955413505': 3.034799864239157e-05, '235162329': 0.0, '1557744938': 0.0, '509972048': 0.0, '2218819850': 0.0, '4896755473': 0.0, '4787266529': 0.0, '3296734251': 0.0, '107209093': 0.0, '864927037': 0.0, '3058539006': 0.0, '751702394': 0.0, '325669397': 0.0, '2497286180': 0.0, '761774304723804161': 0.0, '28310015': 0.0, '16379775': 0.0, '3129053406': 0.0, '2891643322': 0.0, '59960594': 0.0, '24191104': 0.0, '2608820132': 0.0, '2617632896': 0.0, '78070539': 0.0, '2176950588': 0.0, '4726269672': 0.0, '396238864': 0.0, '2712941675': 0.0, '568568338': 0.0, '23974861': 0.0, '756896345940697088': 0.0, '712673275210567680': 0.0, '2463664681': 0.0, '139136299': 0.0, '1854674822': 0.0, '711608992993300480': 0.0, '715634444061777921': 0.0, '1063678573': 0.0, '725064022211448832': 0.0, '2889653187': 0.0, '32496207': 0.0, '32913149': 0.0, '751546626112516096': 0.0, '460777552': 0.0, '31946780': 2.4773876442768627e-06, '261751772': 0.0, '1546678166': 0.0, '1076570982': 0.0, '423168084': 0.0, '545454402': 0.0, '2457500826': 0.0, '4868153237': 0.0, '760462276512063488': 0.0, '727088998573813761': 0.0, '278286809': 0.0, '3594949872': 0.0, '4785051140': 1.2407583118419953e-05, '378656067': 0.0, '2550993804': 0.0, '4258893975': 0.0, '2991031983': 0.0, '710286335853137920': 0.0, '1746316046': 6.887137651089677e-05, '707310778055929856': 1.1189534193317164e-05, '3525770662': 2.4773876442768627e-06, '2920659436': 0.0, '20994010': 0.0, '772183711869726720': 0.0, '1093982809': 0.0}
closeness_centrality: {'ROOT': 0.0, '428333': 0.0011123470522803114, '29488514': 0.0014831294030404152, '22168016': 0.0014831294030404152, '619894373': 0.0014831294030404152, '2317538628': 0.0014831294030404152, '49690284': 0.0014831294030404152, '80952761': 0.0014831294030404152, '48094796': 0.0014831294030404152, '848409474': 0.0014831294030404152, '174706290': 0.0014831294030404152, '4649025675': 0.0014831294030404152, '3018841938': 0.0014831294030404152, '1137517650': 0.0014831294030404152, '105503711': 0.0014831294030404152, '879389576': 0.004634779384501298, '62548376': 0.0014831294030404152, '424921610': 0.0014831294030404152, '17226449': 0.0014831294030404152, '756543663438782464': 0.0014831294030404152, '764253707466842113': 0.0014831294030404152, '1430754194': 0.0014831294030404152, '246418197': 0.0014831294030404152, '3688882876': 0.0014831294030404152, '130292180': 0.0014831294030404152, '190072156': 0.0014831294030404152, '31947076': 0.0014831294030404152, '604501850': 0.0014831294030404152, '428380064': 0.0014831294030404152, '765009715': 0.0014831294030404152, '2413643408': 0.0014831294030404152, '60871489': 0.0014831294030404152, '3128315470': 0.0014831294030404152, '757022708227973120': 0.0014831294030404152, '231149761': 0.0014831294030404152, '135631388': 0.0014831294030404152, '3377629377': 0.0014831294030404152, '3938536053': 0.0014831294030404152, '1240194186': 0.0014831294030404152, '177980183': 0.0014831294030404152, '305294287': 0.0014831294030404152, '753034115746787328': 0.0014831294030404152, '248425282': 0.0014831294030404152, '220847034': 0.0014831294030404152, '732341875273834496': 0.0014831294030404152, '1911967680': 0.0014831294030404152, '367477398': 0.0014831294030404152, '124018174': 0.0014831294030404152, '51591128': 0.0014831294030404152, '2350647423': 0.0014831294030404152, '4756417392': 0.0014831294030404152, '706287021627670528': 0.0014831294030404152, '2995956045': 0.0014831294030404152, '16022444': 0.0014831294030404152, '3411372658': 0.0014831294030404152, '484828869': 0.0014831294030404152, '1417021921': 0.0014831294030404152, '217948093': 0.0014831294030404152, '218260748': 0.0014831294030404152, '68293372': 0.0014831294030404152, '439804226': 0.0014831294030404152, '766678226752208896': 0.0016685205784204673, '21718284': 0.0014831294030404152, '3506566092': 0.0014831294030404152, '134637559': 0.0014831294030404152, '394072560': 0.0014831294030404152, '28452546': 0.005005561735261402, '195591798': 0.0027808676307007787, '332683645': 0.0027808676307007787, '23446050': 0.0014831294030404152, '278081160': 0.0014831294030404152, '279618508': 0.0014831294030404152, '36637021': 0.0014831294030404152, '253343991': 0.0014831294030404152, '592784017': 0.0014831294030404152, '1460707248': 0.0014831294030404152, '3141118333': 0.0014831294030404152, '4306925413': 0.0014831294030404152, '1411633885': 0.0014831294030404152, '118794845': 0.0014831294030404152, '25589014': 0.0014831294030404152, '3247780708': 0.0014831294030404152, '153901898': 0.0014831294030404152, '2559582960': 0.0014831294030404152, '46202322': 0.0014831294030404152, '1053886994': 0.0014831294030404152, '125304429': 0.0014831294030404152, '1392149978': 0.0014831294030404152, '134837454': 0.0014831294030404152, '4052393841': 0.0014831294030404152, '1360162627': 0.0014831294030404152, '1618964856': 0.0014831294030404152, '112557981': 0.0014831294030404152, '1320946514': 0.0014831294030404152, '25829428': 0.0016685205784204673, '525564294': 0.0014831294030404152, '16119402': 0.002502780867630701, '496429994': 0.0014831294030404152, '764449142403891206': 0.0014831294030404152, '36561591': 0.0014831294030404152, '3258681192': 0.0014831294030404152, '4239434446': 0.0014831294030404152, '18813073': 0.0014831294030404152, '2780001136': 0.0014831294030404152, '996730357': 0.0014831294030404152, '239857777': 0.0014831294030404152, '705048242149584896': 0.0014831294030404152, '4290412103': 0.0036404085347355648, '571701554': 0.0014831294030404152, '96185616': 0.0014831294030404152, '334632076': 0.0014831294030404152, '41822025': 0.0014831294030404152, '4871961853': 0.0014831294030404152, '2167020201': 0.0014831294030404152, '57554132': 0.0014831294030404152, '2353593612': 0.0014831294030404152, '1597193304': 0.0014831294030404152, '367887093': 0.0014831294030404152, '320959891': 0.0014831294030404152, '725512854607151104': 0.0014831294030404152, '4855401508': 0.0014831294030404152, '2547337927': 0.0014831294030404152, '24030306': 0.0014831294030404152, '3644689632': 0.0014831294030404152, '735062865804066816': 0.0014831294030404152, '757776984256618496': 0.0041926927355180965, '4809678134': 0.0014831294030404152, '293104735': 0.0014831294030404152, '326948911': 0.0014831294030404152, '231854780': 0.0014831294030404152, '2559322002': 0.0014831294030404152, '4794865108': 0.0014831294030404152, '3245666764': 0.0014831294030404152, '2376768615': 0.0014831294030404152, '757767864673771520': 0.0014831294030404152, '732217996639232000': 0.0014831294030404152, '764950242244648960': 0.0014831294030404152, '19291222': 0.0014831294030404152, '80681720': 0.0014831294030404152, '756357819524345857': 0.0014831294030404152, '16006323': 0.0014831294030404152, '4646908649': 0.0014831294030404152, '17181455': 0.0014831294030404152, '3139320606': 0.0014831294030404152, '758415586053328896': 0.0014831294030404152, '372993448': 0.0014831294030404152, '1530541920': 0.0014831294030404152, '2838359254': 0.0014831294030404152, '86343124': 0.0014831294030404152, '983105581': 0.0014831294030404152, '2748392661': 0.0014831294030404152, '1390573872': 0.0014831294030404152, '48599448': 0.0014831294030404152, '342394431': 0.0014831294030404152, '2900659636': 0.0014831294030404152, '764982347775168512': 0.0014831294030404152, '21789896': 0.0014831294030404152, '247203598': 0.0014831294030404152, '258660343': 0.0014831294030404152, '718830535938809856': 0.0014831294030404152, '563006615': 0.0014831294030404152, '34255591': 0.0016685205784204673, '47151185': 0.0029662588060808304, '589336264': 0.0014831294030404152, '170359315': 0.0014831294030404152, '29807115': 0.0014831294030404152, '756580318656667649': 0.0014831294030404152, '1038810817': 0.0016685205784204673, '2905527472': 0.0014831294030404152, '215693860': 0.0014831294030404152, '2220165991': 0.0014831294030404152, '756063394474655749': 0.0014831294030404152, '561507652': 0.0033370411568409346, '784820684': 0.0014831294030404152, '705903542049976320': 0.0014831294030404152, '2533166893': 0.0014831294030404152, '3313638821': 0.0014831294030404152, '1865333538': 0.0014831294030404152, '2601272874': 0.0014831294030404152, '471583977': 0.0014831294030404152, '51082437': 0.0014831294030404152, '2230670246': 0.0014831294030404152, '2181300006': 0.0014831294030404152, '600416231': 0.0014831294030404152, '4077197632': 0.0014831294030404152, '62217671': 0.0016685205784204673, '43077286': 0.0014831294030404152, '3047856024': 0.0014831294030404152, '887413076': 0.0014831294030404152, '1712270510': 0.0014831294030404152, '734972262198042625': 0.0014831294030404152, '1645545974': 0.0014831294030404152, '175477062': 0.0014831294030404152, '1601450000': 0.0014831294030404152, '237750885': 0.0014831294030404152, '3028388339': 0.0014831294030404152, '499158097': 0.0014831294030404152, '4886191109': 0.0014831294030404152, '284727715': 0.0016685205784204673, '1073929814': 0.0014831294030404152, '221902815': 0.0014831294030404152, '30294612': 0.0014831294030404152, '1306168063': 0.0014831294030404152, '838674816': 0.002502780867630701, '60771113': 0.0014831294030404152, '3179622204': 0.0014831294030404152, '757056556253011968': 0.0014831294030404152, '819746004': 0.0014831294030404152, '91816361': 0.0014831294030404152, '824391878': 0.0014831294030404152, '936990522': 0.0014831294030404152, '758501687195758592': 0.0014831294030404152, '136576428': 0.0014831294030404152, '27462910': 0.0014831294030404152, '113410319': 0.0014831294030404152, '557847314': 0.0016685205784204673, '740737945619947521': 0.0014831294030404152, '1145400012': 0.0014831294030404152, '34280715': 0.0014831294030404152, '138960593': 0.0014831294030404152, '428335185': 0.0014831294030404152, '1605560689': 0.0014831294030404152, '578144168': 0.0014831294030404152, '275942684': 0.0014831294030404152, '4259738554': 0.0014831294030404152, '1034046650': 0.0014831294030404152, '734537357966376960': 0.0014831294030404152, '760616411978928128': 0.0014831294030404152, '29101624': 0.0014831294030404152, '2641797173': 0.0014831294030404152, '367463426': 0.0014831294030404152, '632426083': 0.0014831294030404152, '4727580494': 0.0014831294030404152, '29198219': 0.0014831294030404152, '65803002': 0.0014831294030404152, '242589520': 0.0014831294030404152, '3055945256': 0.0014831294030404152, '932758681': 0.0014831294030404152, '21423579': 0.0014831294030404152, '344898758': 0.0014831294030404152, '264084770': 0.0014831294030404152, '730015469319561216': 0.0014831294030404152, '257976124': 0.0014831294030404152, '714887575081607168': 0.0014831294030404152, '132495962': 0.0014831294030404152, '60811364': 0.0014831294030404152, '730901891094175748': 0.0014831294030404152, '192326916': 0.0014831294030404152, '16377693': 0.0014831294030404152, '136310854': 0.0014831294030404152, '71409777': 0.003559510567296997, '3236183880': 0.0014831294030404152, '32642973': 0.0014831294030404152, '375999139': 0.0014831294030404152, '766744722408873984': 0.0025425075480692834, '2728928097': 0.0014831294030404152, '301199912': 0.0014831294030404152, '394821588': 0.0014831294030404152, '23714644': 0.0014831294030404152, '728074871507324928': 0.0014831294030404152, '1344558828': 0.0014831294030404152, '2569271479': 0.0014831294030404152, '703761307913224192': 0.0014831294030404152, '14883106': 0.003972668043858255, '32274924': 0.0014831294030404152, '75363115': 0.002502780867630701, '324172031': 0.0014831294030404152, '337472827': 0.0014831294030404152, '1475687646': 0.0014831294030404152, '4143292360': 0.0014831294030404152, '256993716': 0.0014831294030404152, '957441312': 0.0014831294030404152, '30677801': 0.0014831294030404152, '334671279': 0.0014831294030404152, '1669566127': 0.0014831294030404152, '2279905707': 0.0014831294030404152, '23989856': 0.0014831294030404152, '218344471': 0.0014831294030404152, '744266600': 0.0014831294030404152, '703001761179631618': 0.0014831294030404152, '31602162': 0.0016685205784204673, '1551057618': 0.0014831294030404152, '762682842593816576': 0.0014831294030404152, '2704675915': 0.0016685205784204673, '744225272472317952': 0.0014831294030404152, '49055196': 0.0014831294030404152, '708537581': 0.0014831294030404152, '57283164': 0.0014831294030404152, '15686488': 0.0014831294030404152, '2196395224': 0.0014831294030404152, '1643534964': 0.0014831294030404152, '715198069575327744': 0.0014831294030404152, '326758953': 0.0014831294030404152, '3266569800': 0.0016685205784204673, '714117034850828288': 0.0014831294030404152, '4568184555': 0.0014831294030404152, '210909798': 0.0014831294030404152, '427719901': 0.0014831294030404152, '1132881972': 0.0014831294030404152, '2785366887': 0.0014831294030404152, '1334380376': 0.0014831294030404152, '2918102696': 0.0014831294030404152, '4867453523': 0.0014831294030404152, '2408339976': 0.0014831294030404152, '3558271102': 0.0014831294030404152, '751833327200448512': 0.0014831294030404152, '273111757': 0.0014831294030404152, '2804138785': 0.0034760845383759735, '4751259673': 0.0014831294030404152, '18884346': 0.0014831294030404152, '4549306216': 0.0014831294030404152, '417161278': 0.0014831294030404152, '14801786': 0.01647921558933795, '2581788782': 0.0014831294030404152, '1603130780': 0.0014831294030404152, '2750334224': 0.002502780867630701, '3017683068': 0.0014831294030404152, '247438993': 0.0014831294030404152, '2904701126': 0.0014831294030404152, '89580294': 0.0014831294030404152, '28701053': 0.0014831294030404152, '4750875228': 0.0014831294030404152, '700812373557321728': 0.0014831294030404152, '216001894': 0.0014831294030404152, '95254521': 0.0014831294030404152, '401763916': 0.0014831294030404152, '168638221': 0.0014831294030404152, '896236921': 0.0014831294030404152, '498219966': 0.0014831294030404152, '239609323': 0.0014831294030404152, '758784065357148160': 0.0014831294030404152, '759489108569796608': 0.0014831294030404152, '259283033': 0.0014831294030404152, '760583477557211136': 0.0014831294030404152, '712849249612902400': 0.0014831294030404152, '742767685767946240': 0.0014831294030404152, '469577876': 0.0014831294030404152, '111054367': 0.0014831294030404152, '28626403': 0.0014831294030404152, '4858714503': 0.0014831294030404152, '17245022': 0.0014831294030404152, '2994845061': 0.0014831294030404152, '416047217': 0.0014831294030404152, '733648358884184065': 0.0016685205784204673, '704788768050384896': 0.0014831294030404152, '183035621': 0.0014831294030404152, '1576130317': 0.0014831294030404152, '706715190000103424': 0.0014831294030404152, '17051446': 0.0014831294030404152, '16006196': 0.0014831294030404152, '469010595': 0.0014831294030404152, '305742121': 0.0014831294030404152, '86288715': 0.0014831294030404152, '1084606506': 0.0014831294030404152, '362628146': 0.0014831294030404152, '756652343299637249': 0.0014831294030404152, '338491170': 0.0014831294030404152, '4736735121': 0.0014831294030404152, '990272208': 0.0014831294030404152, '366263457': 0.0014831294030404152, '137349561': 0.0014831294030404152, '967320306': 0.0014831294030404152, '3046713973': 0.0014831294030404152, '764559836646215681': 0.0014831294030404152, '411184012': 0.0014831294030404152, '423769488': 0.0014831294030404152, '2508114499': 0.0016685205784204673, '730220234397769730': 0.0014831294030404152, '742080332699033600': 0.0014831294030404152, '765626109648068612': 0.0014831294030404152, '4499984417': 0.0014831294030404152, '718811790897848320': 0.0014831294030404152, '448498171': 0.002502780867630701, '47253430': 0.0014831294030404152, '143484786': 0.0014831294030404152, '3089367355': 0.0014831294030404152, '800726947': 0.0014831294030404152, '265170711': 0.0014831294030404152, '1582998420': 0.0014831294030404152, '553069364': 0.0014831294030404152, '710183810': 0.0014831294030404152, '244307758': 0.0014831294030404152, '701791717800996864': 0.0014831294030404152, '1375346066': 0.0014831294030404152, '236991849': 0.0014831294030404152, '54436615': 0.0014831294030404152, '781131396': 0.0014831294030404152, '533532328': 0.0014831294030404152, '41768710': 0.0014831294030404152, '4912872097': 0.0014831294030404152, '3195987029': 0.0014831294030404152, '1276145304': 0.0014831294030404152, '211000050': 0.0014831294030404152, '2377608704': 0.0014831294030404152, '518355343': 0.0014831294030404152, '703249639479316480': 0.0014831294030404152, '415990591': 0.0014831294030404152, '827797573': 0.0016685205784204673, '1550994062': 0.0014831294030404152, '764718259094433792': 0.0014831294030404152, '818156366': 0.009672583063307056, '3041583610': 0.0014831294030404152, '750998761942417408': 0.0014831294030404152, '346074726': 0.0014831294030404152, '623699398': 0.0016685205784204673, '1308219978': 0.0014831294030404152, '505365928': 0.0016685205784204673, '708368584033095680': 0.0014831294030404152, '3656171476': 0.0014831294030404152, '2648649574': 0.0014831294030404152, '2507733330': 0.0014831294030404152, '4269587595': 0.0014831294030404152, '174333656': 0.0014831294030404152, '1941518978': 0.0014831294030404152, '3243442856': 0.0014831294030404152, '2231583390': 0.0014831294030404152, '3139427408': 0.0014831294030404152, '3142491160': 0.0014831294030404152, '2272578080': 0.0014831294030404152, '974822731': 0.0014831294030404152, '2961121929': 0.0014831294030404152, '2296781690': 0.0014831294030404152, '499897902': 0.0014831294030404152, '124126233': 0.0014831294030404152, '348158426': 0.0014831294030404152, '710839878800568321': 0.0016685205784204673, '729103445911707648': 0.0014831294030404152, '756869488105127937': 0.0014831294030404152, '16695632': 0.0014831294030404152, '695095732961878016': 0.0014831294030404152, '285476566': 0.0014831294030404152, '756611194077622272': 0.0014831294030404152, '1077420084': 0.0014831294030404152, '750823988016783361': 0.0014831294030404152, '3369290974': 0.0014831294030404152, '3950357303': 0.0014831294030404152, '751411076': 0.0014831294030404152, '745319037677211652': 0.0014831294030404152, '764103889264123904': 0.013904338153503894, '1918489034': 0.0014831294030404152, '348988850': 0.0014831294030404152, '3115961563': 0.0014831294030404152, '366888284': 0.0014831294030404152, '737483604876464130': 0.0014831294030404152, '2189444204': 0.0014831294030404152, '3316431594': 0.0014831294030404152, '716777229': 0.0014831294030404152, '436407665': 0.0014831294030404152, '2444395775': 0.0014831294030404152, '751936633059106816': 0.0014831294030404152, '381671761': 0.0014831294030404152, '756535121507913729': 0.0014831294030404152, '725047356287242240': 0.0014831294030404152, '2840490773': 0.0014831294030404152, '756344580925104130': 0.0014831294030404152, '752293469020762114': 0.0014831294030404152, '104292276': 0.0014831294030404152, '97531228': 0.0014831294030404152, '228516933': 0.0014831294030404152, '2245886858': 0.0016685205784204673, '573588644': 0.0014831294030404152, '22560682': 0.0014831294030404152, '4267156996': 0.0036404085347355648, '446351591': 0.0014831294030404152, '901006692': 0.0014831294030404152, '474694492': 0.0014831294030404152, '1901593656': 0.0014831294030404152, '745374328661807104': 0.0014831294030404152, '302240023': 0.0016685205784204673, '709164829446053888': 0.0014831294030404152, '314175886': 0.0014831294030404152, '2853457409': 0.0014831294030404152, '16820751': 0.0014831294030404152, '2945541702': 0.0014831294030404152, '2493140377': 0.0014831294030404152, '36856345': 0.0014831294030404152, '231928184': 0.0014831294030404152, '262834804': 0.0014831294030404152, '232314623': 0.0014831294030404152, '175562375': 0.0016685205784204673, '310959277': 0.0014831294030404152, '2180586979': 0.0014831294030404152, '528751456': 0.0016685205784204673, '2328962925': 0.0014831294030404152, '743542433921794048': 0.0014831294030404152, '4807419088': 0.0014831294030404152, '624250942': 0.0014831294030404152, '3354677293': 0.010219688542825362, '104350215': 0.0014831294030404152, '2697358844': 0.0014831294030404152, '3080685863': 0.0014831294030404152, '4222699265': 0.0014831294030404152, '21338347': 0.0014831294030404152, '731869622434029568': 0.0014831294030404152, '2783352128': 0.0014831294030404152, '553276043': 0.0014831294030404152, '292079164': 0.0014831294030404152, '43547137': 0.0014831294030404152, '3302085710': 0.0014831294030404152, '45214391': 0.0014831294030404152, '714901750': 0.0014831294030404152, '4345992555': 0.0014831294030404152, '1050491324': 0.0014831294030404152, '2395023564': 0.0014831294030404152, '729745131918626817': 0.0014831294030404152, '2460430386': 0.0014831294030404152, '3951141016': 0.0014831294030404152, '2408111875': 0.0014831294030404152, '358519345': 0.0014831294030404152, '756406143082172416': 0.0030803456832377858, '528593874': 0.0014831294030404152, '766376945844117504': 0.010852166363710355, '2868197325': 0.0014831294030404152, '3846093279': 0.0014831294030404152, '2663839649': 0.0014831294030404152, '1708839097': 0.0014831294030404152, '199716714': 0.0014831294030404152, '1553048491': 0.0014831294030404152, '2924832948': 0.0014831294030404152, '745835687358963712': 0.0014831294030404152, '356592885': 0.0014831294030404152, '756310591422201856': 0.0014831294030404152, '909618422': 0.0014831294030404152, '2347910960': 0.0014831294030404152, '40393096': 0.0014831294030404152, '21973050': 0.0014831294030404152, '3073671045': 0.0014831294030404152, '375135445': 0.0016685205784204673, '225654621': 0.0014831294030404152, '1492032702': 0.0014831294030404152, '30606794': 0.0016685205784204673, '166867314': 0.0014831294030404152, '2409539810': 0.0014831294030404152, '153124576': 0.0014831294030404152, '750817806690709504': 0.0014831294030404152, '1345583652': 0.0014831294030404152, '346267336': 0.0014831294030404152, '896526888': 0.0014831294030404152, '754749976962478081': 0.0033370411568409346, '3231121969': 0.0014831294030404152, '419935833': 0.0014831294030404152, '230308487': 0.0014831294030404152, '722492353835962368': 0.0014831294030404152, '721084599602966530': 0.0014831294030404152, '698871834704478208': 0.0014831294030404152, '4920887741': 0.0016685205784204673, '57529994': 0.0014831294030404152, '727669079985823745': 0.0014831294030404152, '67074262': 0.0014831294030404152, '105947980': 0.010219688542825362, '76536164': 0.0014831294030404152, '305765429': 0.0014831294030404152, '219815857': 0.0014831294030404152, '195915697': 0.0014831294030404152, '1558510549': 0.0014831294030404152, '2260508276': 0.0014831294030404152, '731195365408407552': 0.0014831294030404152, '3929629685': 0.0016685205784204673, '229278838': 0.0014831294030404152, '704950435942105088': 0.0016685205784204673, '1031363120': 0.0014831294030404152, '2695925442': 0.0016685205784204673, '3282973915': 0.0016685205784204673, '384510405': 0.0016685205784204673, '554675847': 0.0014831294030404152, '70026505': 0.0016685205784204673, '2953201': 0.0014831294030404152, '3995778614': 0.0017797552836484984, '114475732': 0.0014831294030404152, '729477310299021312': 0.0016685205784204673, '3170692550': 0.0018539117538005192, '345659252': 0.0018539117538005192, '701539315424370689': 0.0018539117538005192, '728364886787432449': 0.0016685205784204673, '711785942986547201': 0.0014831294030404152, '1409085349': 0.0014831294030404152, '255717273': 0.0016685205784204673, '1025151908': 0.0014831294030404152, '2159796912': 0.0018539117538005192, '380156346': 0.0016685205784204673, '3409782221': 0.0014831294030404152, '4706313916': 0.0018539117538005192, '3239029664': 0.0016685205784204673, '718489813': 0.0018539117538005192, '17443185': 0.0016685205784204673, '2856927247': 0.0014831294030404152, '47877762': 0.0016685205784204673, '2318991212': 0.0016685205784204673, '3082702335': 0.0014831294030404152, '4922413288': 0.0018539117538005192, '2504981221': 0.0017797552836484984, '256693556': 0.0016685205784204673, '30880296': 0.0016685205784204673, '936198384': 0.0016685205784204673, '60616666': 0.0014831294030404152, '2544205321': 0.0016685205784204673, '373011154': 0.0018539117538005192, '708648018669535232': 0.0016685205784204673, '76349929': 0.0014831294030404152, '2907785079': 0.0014831294030404152, '268280342': 0.0014831294030404152, '766537204952805377': 0.0017797552836484984, '72962763': 0.0014831294030404152, '497259005': 0.0018539117538005192, '1325337348': 0.0014831294030404152, '546984288': 0.0014831294030404152, '716400200152182784': 0.0014831294030404152, '3085978206': 0.0016685205784204673, '3651908234': 0.0018539117538005192, '57655062': 0.0016685205784204673, '33515320': 0.0016685205784204673, '711287276479754241': 0.0016685205784204673, '4628175436': 0.0016685205784204673, '2489977644': 0.0014831294030404152, '556514694': 0.0014831294030404152, '1447529352': 0.0018539117538005192, '3659030119': 0.0014831294030404152, '259091101': 0.0016685205784204673, '707213716295655424': 0.0016685205784204673, '3181696564': 0.0014831294030404152, '2177256592': 0.0014831294030404152, '33666542': 0.0016685205784204673, '4228111720': 0.0014831294030404152, '2302259172': 0.0014831294030404152, '16208604': 0.0014831294030404152, '2262111984': 0.0014831294030404152, '264987996': 0.0014831294030404152, '894132702': 0.0014831294030404152, '123676694': 0.0014831294030404152, '103699426': 0.0014831294030404152, '808596350': 0.0014831294030404152, '371115054': 0.0014831294030404152, '140641561': 0.0014831294030404152, '544189544': 0.0014831294030404152, '4070135893': 0.0014831294030404152, '743339042754813954': 0.0017797552836484984, '764566572866252800': 0.0014831294030404152, '3848820318': 0.0014831294030404152, '3118959806': 0.0016685205784204673, '746772082155995136': 0.0014831294030404152, '751846050906845185': 0.0014831294030404152, '2191666328': 0.0014831294030404152, '714289549908832256': 0.0017797552836484984, '714819300662620160': 0.0016685205784204673, '709123486342578176': 0.0014831294030404152, '877359949': 0.0014831294030404152, '163778580': 0.0016685205784204673, '78769005': 0.0025425075480692834, '116637026': 0.0014831294030404152, '733678742187446272': 0.0017797552836484984, '1942152170': 0.0016685205784204673, '2212926706': 0.0014831294030404152, '3063044349': 0.0014831294030404152, '930323370': 0.0014831294030404152, '711305198421946368': 0.0014831294030404152, '2347719997': 0.0014831294030404152, '2776193125': 0.0016685205784204673, '3327340341': 0.0018539117538005192, '2418774365': 0.0016685205784204673, '741082703030714371': 0.0017797552836484984, '930108350': 0.0014831294030404152, '1724152964': 0.0016685205784204673, '26476418': 0.0018539117538005192, '739511866813259776': 0.0014831294030404152, '1377687906': 0.0014831294030404152, '3302658674': 0.0014831294030404152, '760815292310130688': 0.0014831294030404152, '24356947': 0.0014831294030404152, '1947900744': 0.002502780867630701, '1556786912': 0.0014831294030404152, '482219605': 0.0014831294030404152, '702874160528121856': 0.0014831294030404152, '385678932': 0.0014831294030404152, '1906088365': 0.0016685205784204673, '695436477375782916': 0.0016685205784204673, '3102245372': 0.002224694104560623, '3006690178': 0.0018539117538005192, '3786404909': 0.0014831294030404152, '104595364': 0.0016685205784204673, '24011736': 0.0014831294030404152, '622445782': 0.0014831294030404152, '2984458691': 0.0014831294030404152, '70069735': 0.0014831294030404152, '23344147': 0.0014831294030404152, '701934100790296576': 0.0014831294030404152, '227130823': 0.0014831294030404152, '18125895': 0.0014831294030404152, '85681815': 0.0014831294030404152, '43232530': 0.0014831294030404152, '52989817': 0.0014831294030404152, '431894934': 0.0014831294030404152, '2926398321': 0.0014831294030404152, '766035574746652672': 0.0014831294030404152, '754017231974068225': 0.0014831294030404152, '45659156': 0.0016685205784204673, '2443468098': 0.0014831294030404152, '1155635047': 0.0014831294030404152, '4499094387': 0.0014831294030404152, '21990739': 0.0014831294030404152, '287639266': 0.0014831294030404152, '3380999405': 0.0014831294030404152, '319729023': 0.0014831294030404152, '1333006530': 0.0014831294030404152, '3111721': 0.0014831294030404152, '3229982559': 0.0014831294030404152, '757312207810068480': 0.0014831294030404152, '256457918': 0.0014831294030404152, '903143731': 0.010852166363710355, '101672591': 0.0014831294030404152, '461835325': 0.0014831294030404152, '383549214': 0.0014831294030404152, '79985880': 0.0014831294030404152, '2481726390': 0.0014831294030404152, '232906886': 0.0016685205784204673, '2510429117': 0.0014831294030404152, '2392160575': 0.0016685205784204673, '712324545902940161': 0.0014831294030404152, '4281185908': 0.0014831294030404152, '464497740': 0.0016685205784204673, '249800479': 0.0014831294030404152, '1122345954': 0.0014831294030404152, '766241141926793216': 0.0014831294030404152, '3796618157': 0.0014831294030404152, '22826306': 0.0014831294030404152, '2891411482': 0.0017797552836484984, '2971550847': 0.010112245929821012, '47325341': 0.0014831294030404152, '729790308335157250': 0.0014831294030404152, '65120853': 0.0016685205784204673, '1020735714': 0.0014831294030404152, '100025240': 0.0014831294030404152, '709378359898345472': 0.0014831294030404152, '796225603': 0.0014831294030404152, '704408069728501765': 0.0014831294030404152, '54690412': 0.0014831294030404152, '3354784032': 0.0014831294030404152, '2664129440': 0.0014831294030404152, '735839383442608128': 0.0014831294030404152, '1716709820': 0.0014831294030404152, '69264083': 0.0014831294030404152, '19519016': 0.0014831294030404152, '4501922425': 0.0014831294030404152, '3385783173': 0.0014831294030404152, '735931028137730048': 0.0014831294030404152, '23601068': 0.0014831294030404152, '1315782967': 0.0016685205784204673, '269494264': 0.0018539117538005192, '1902097399': 0.0016685205784204673, '19673936': 0.0014831294030404152, '1009107476': 0.0014831294030404152, '24947112': 0.0014831294030404152, '395713066': 0.0016685205784204673, '756852403803156480': 0.0014831294030404152, '3250468551': 0.0014831294030404152, '139714421': 0.0014831294030404152, '2344021386': 0.0016685205784204673, '33430274': 0.0014831294030404152, '3050411297': 0.0014831294030404152, '755153966023995392': 0.0014831294030404152, '4871190352': 0.0014831294030404152, '740549485965639686': 0.0014831294030404152, '969753140': 0.0014831294030404152, '765556600052613120': 0.0014831294030404152, '2383894154': 0.0014831294030404152, '280196358': 0.0014831294030404152, '1066855388': 0.0014831294030404152, '14475067': 0.0016685205784204673, '545737153': 0.0014831294030404152, '4766167781': 0.002502780867630701, '3286875199': 0.002502780867630701, '1306170120': 0.0014831294030404152, '752647322237014018': 0.0014831294030404152, '2315567360': 0.0014831294030404152, '4854853970': 0.0016685205784204673, '574915137': 0.0014831294030404152, '1258072117': 0.0016685205784204673, '329275921': 0.0014831294030404152, '1419133700': 0.0016685205784204673, '2793800587': 0.0014831294030404152, '1510787130': 0.0014831294030404152, '314723454': 0.0014831294030404152, '44399827': 0.0014831294030404152, '1151676373': 0.0014831294030404152, '708538440866865153': 0.0014831294030404152, '2191093538': 0.0014831294030404152, '2790092521': 0.0014831294030404152, '740232557766152192': 0.0014831294030404152, '764114079158046721': 0.0014831294030404152, '186700511': 0.0014831294030404152, '2781101531': 0.0016685205784204673, '720157598897410048': 0.0014831294030404152, '754791686887399424': 0.0014831294030404152, '4845857848': 0.0014831294030404152, '737699496080101376': 0.0014831294030404152, '3254879508': 0.0014831294030404152, '4745509194': 0.0014831294030404152, '38716180': 0.0083143228822986, '312874283': 0.010437128724587604, '757672970118533120': 0.0014831294030404152, '2551046888': 0.009080384100247441, '44928669': 0.002224694104560623, '758630424167927808': 0.0014831294030404152, '765664968977047552': 0.0016685205784204673, '374760130': 0.0014831294030404152, '613796565': 0.009080384100247441, '22113087': 0.011123470522803115, '3273719730': 0.010112245929821012, '1006580762': 0.0014831294030404152, '552924646': 0.0014831294030404152, '4446582923': 0.0014831294030404152, '715730486228692992': 0.010219688542825362, '885871045': 0.009618530393247398, '307933831': 0.0016685205784204673, '78513180': 0.0014831294030404152, '20738152': 0.002224694104560623, '72178146': 0.0016685205784204673, '742417142046302208': 0.0014831294030404152, '239693510': 0.0014831294030404152, '714947334': 0.0014831294030404152, '1372235592': 0.0014831294030404152, '707097541968588800': 0.0025425075480692834, '4845279488': 0.0014831294030404152, '742751332935700480': 0.0016685205784204673, '493729651': 0.0014831294030404152, '705233934548754434': 0.0014831294030404152, '12912542': 0.0014831294030404152, '143539322': 0.0016685205784204673, '29534413': 0.0016685205784204673, '3664925599': 0.0016685205784204673, '556663797': 0.0014831294030404152, '1916364858': 0.011123470522803115, '759818654955413505': 0.008898776418242492, '235162329': 0.0014831294030404152, '1557744938': 0.0014831294030404152, '509972048': 0.0014831294030404152, '2218819850': 0.0014831294030404152, '4896755473': 0.0014831294030404152, '4787266529': 0.0014831294030404152, '3296734251': 0.0014831294030404152, '107209093': 0.0014831294030404152, '864927037': 0.0014831294030404152, '3058539006': 0.0014831294030404152, '751702394': 0.0014831294030404152, '325669397': 0.0014831294030404152, '2497286180': 0.002528061482455253, '761774304723804161': 0.007007786429365962, '28310015': 0.0014831294030404152, '16379775': 0.0030898529230008655, '3129053406': 0.0014831294030404152, '2891643322': 0.0014831294030404152, '59960594': 0.0014831294030404152, '24191104': 0.008898776418242492, '2608820132': 0.0014831294030404152, '2617632896': 0.0014831294030404152, '78070539': 0.0014831294030404152, '2176950588': 0.0016685205784204673, '4726269672': 0.0018539117538005192, '396238864': 0.010664022827296029, '2712941675': 0.0014831294030404152, '568568338': 0.004004449388209121, '23974861': 0.0014831294030404152, '756896345940697088': 0.0014831294030404152, '712673275210567680': 0.0014831294030404152, '2463664681': 0.0014831294030404152, '139136299': 0.0014831294030404152, '1854674822': 0.0014831294030404152, '711608992993300480': 0.0014831294030404152, '715634444061777921': 0.0014831294030404152, '1063678573': 0.0016685205784204673, '725064022211448832': 0.0014831294030404152, '2889653187': 0.0014831294030404152, '32496207': 0.0030803456832377858, '32913149': 0.0014831294030404152, '751546626112516096': 0.0014831294030404152, '460777552': 0.007541335947663128, '31946780': 0.0014831294030404152, '261751772': 0.0016685205784204673, '1546678166': 0.0014831294030404152, '1076570982': 0.0014831294030404152, '423168084': 0.0014831294030404152, '545454402': 0.009672583063307056, '2457500826': 0.0014831294030404152, '4868153237': 0.0014831294030404152, '760462276512063488': 0.010219688542825362, '727088998573813761': 0.0014831294030404152, '278286809': 0.0014831294030404152, '3594949872': 0.0018539117538005192, '4785051140': 0.01034741443981685, '378656067': 0.0014831294030404152, '2550993804': 0.0014831294030404152, '4258893975': 0.0016685205784204673, '2991031983': 0.0014831294030404152, '710286335853137920': 0.0014831294030404152, '1746316046': 0.01202537353816553, '707310778055929856': 0.01034741443981685, '3525770662': 0.0014831294030404152, '2920659436': 0.0016685205784204673, '20994010': 0.0030803456832377858, '772183711869726720': 0.0014831294030404152, '1093982809': 0.0014831294030404152}
